2000
15 40
38 34
53 73
66 13
4 64
80 24
69 70
52 78
55 67
16 59
90 34
68 49
28 59
73 22
71 68
65 36
78 17
80 44
83 57
57 42
72 7
35 59
47 56
76 39
52 11
41 36
59 64
51 31
74 21
41 79
9 44
61 62
49 21
34 52
51 44
59 27
56 22
59 31
53 66
57 33
26 56
93 40
41 18
54 8
28 32
28 50
64 11
41 58
93 44
18 60
36 34
68 41
43 48
20 40
56 60
59 57
77 25
62 50
22 56
94 47
49 63
35 60
87 31
87 42
61 55
48 56
72 26
45 31
59 32
11 55
63 16
82 32
46 78
57 34
13 57
70 31
88 46
93 33
25 62
48 48
90 48
65 30
54 26
88 43
80 58
70 49
40 44
53 11
79 41
7 55
70 19
67 8
74 14
59 46
51 13
19 64
51 25
74 39
39 41
9 54
27 45
61 48
49 15
75 20
15 39
48 47
41 22
72 33
36 15
59 25
11 44
23 39
33 59
14 55
46 37
84 48
83 32
57 7
50 28
52 59
47 34
55 46
38 37
15 64
68 70
90 43
82 50
54 69
2 61
69 23
40 51
43 62
79 17
7 52
15 53
46 77
56 42
81 50
83 35
37 18
58 68
52 31
45 53
49 40
80 53
72 41
60 62
59 14
3 51
10 44
33 52
54 25
50 72
60 35
8 45
57 20
24 43
78 47
38 53
36 19
71 34
50 22
94 38
54 60
42 36
5 63
29 34
77 27
27 50
40 58
66 37
92 48
40 14
7 45
69 46
54 9
29 60
46 46
64 35
81 25
77 36
73 18
48 6
58 47
52 38
21 48
48 61
86 42
55 47
47 64
63 39
47 15
36 50
48 18
21 39
42 14
78 54
52 49
58 40
57 23
81 36
5 53
64 44
42 19
37 39
67 42
37 57
51 41
30 56
92 39
43 76
26 64
29 53
54 19
64 26
24 54
58 54
18 52
21 57
8 54
47 73
63 57
73 33
28 63
60 25
10 56
43 65
58 35
12 50
48 80
15 55
51 61
54 54
39 51
50 78
27 48
50 6
5 49
30 59
75 19
70 23
69 64
67 36
54 10
64 33
6 56
45 75
25 40
44 68
78 35
83 47
57 68
8 61
60 43
50 38
20 61
85 49
59 70
86 31
32 64
74 15
49 48
35 45
32 40
58 10
74 48
62 18
45 16
42 37
24 44
79 47
53 60
66 14
4 53
47 52
84 28
54 5
64 24
68 26
68 24
67 30
55 30
40 19
52 19
80 57
57 45
43 54
14 53
47 53
82 55
85 42
59 63
51 26
34 41
32 55
74 22
35 50
45 57
58 21
34 57
72 16
51 43
37 44
41 52
24 51
54 44
16 56
57 28
4 60
48 38
26 45
69 66
52 74
91 49
31 32
64 15
68 31
41 61
65 40
93 47
19 53
18 65
88 41
70 51
35 51
53 34
57 46
53 37
79 30
20 43
82 46
63 68
59 52
45 49
73 14
22 53
49 58
61 25
87 34
65 42
49 25
74 50
32 37
34 48
58 31
45 34
37 53
11 50
63 15
20 41
78 26
79 53
53 46
57 37
70 32
80 35
65 43
55 60
71 19
6 61
20 48
28 46
46 66
64 68
41 62
31 51
91 34
52 9
70 42
43 68
17 45
50 80
42 79
59 45
51 40
77 21
74 41
58 62
9 57
61 51
74 28
62 39
58 30
47 69
37 62
11 43
63 12
43 29
39 44
43 61
9 53
52 64
18 40
54 3
55 53
71 16
15 63
28 45
73 27
46 72
55 13
65 18
69 10
70 69
53 23
79 36
7 51
60 23
67 12
56 71
54 34
32 41
45 67
77 14
70 41
62 65
84 42
38 13
9 58
61 44
21 58
48 67
59 13
33 63
73 10
50 45
60 41
51 17
57 15
13 46
80 33
69 31
44 15
3 60
43 51
41 40
55 68
15 60
68 66
51 74
94 35
54 73
27 65
44 30
40 55
66 38
38 49
89 34
50 36
50 5
67 21
56 46
42 57
45 60
77 39
81 54
40 74
32 63
38 36
49 28
48 58
85 46
60 58
50 25
23 42
73 50
33 37
63 26
23 65
47 16
36 55
39 58
75 24
78 51
52 46
58 29
77 54
64 57
54 64
24 59
88 39
67 52
27 54
1 59
16 52
66 33
57 74
53 9
14 52
69 42
16 55
77 32
46 4
38 39
21 44
15 41
33 57
60 57
46 68
71 20
63 35
23 54
50 63
6 64
13 64
66 25
51 29
47 55
52 45
84 31
48 77
62 12
81 41
36 48
42 31
24 66
69 37
66 24
92 35
30 34
53 2
70 24
69 51
56 9
64 30
6 53
51 4
91 39
76 36
45 14
75 37
41 73
52 17
78 36
36 44
8 58
36 41
20 58
23 47
59 69
62 46
50 27
48 13
56 14
49 43
52 52
62 15
51 65
50 17
45 77
19 47
14 64
67 66
50 74
53 63
66 19
55 42
70 11
9 49
29 42
55 34
38 10
64 21
90 41
41 47
52 24
18 43
80 54
70 20
53 31
50 34
76 17
82 56
44 72
73 38
85 45
59 58
57 36
72 50
48 36
74 11
41 80
72 22
41 31
58 22
34 58
53 7
51 70
37 47
37 36
76 54
59 28
45 71
66 10
11 51
39 20
80 25
52 79
72 70
55 66
16 60
90 35
68 42
55 26
31 49
46 14
18 66
80 45
54 79
83 56
30 42
53 41
72 8
50 40
46 57
76 40
82 51
63 67
76 19
37 33
51 30
62 48
32 43
22 62
49 61
35 54
61 61
48 50
62 33
55 32
45 37
37 56
69 49
56 23
39 50
37 14
70 29
65 54
55 59
32 31
28 51
70 27
55 19
93 43
75 40
52 6
78 25
24 63
75 15
53 17
17 56
83 49
76 31
59 56
51 39
19 58
51 22
62 51
22 57
49 62
35 63
9 52
61 54
43 56
62 40
72 27
51 52
59 19
85 28
63 25
82 33
44 29
53 42
39 74
49 74
88 47
46 51
92 40
93 32
47 37
55 56
58 48
68 64
90 49
65 21
80 59
70 46
40 45
35 15
66 70
43 72
79 35
67 11
56 68
45 45
51 12
77 17
58 58
9 61
78 41
45 54
44 80
32 32
72 34
36 16
37 58
11 47
63 24
73 13
46 34
8 44
43 33
39 72
18 41
3 59
26 47
41 35
15 59
47 61
15 45
55 9
31 60
56 16
29 41
77 28
69 22
40 52
66 65
53 19
17 66
89 37
47 74
67 16
42 18
51 21
73 19
58 69
58 19
50 39
20 57
60 63
60 31
2 51
16 66
47 13
60 36
57 19
65 33
55 6
52 67
38 50
57 24
51 78
64 54
65 15
5 62
27 53
53 80
30 46
92 49
40 15
79 25
7 44
29 59
56 50
64 36
39 47
19 49
81 42
48 7
38 41
52 39
21 47
48 62
36 30
47 65
23 61
36 51
86 34
16 64
48 74
77 50
64 45
54 52
56 31
16 42
69 41
30 57
92 41
30 31
40 22
26 65
36 58
29 52
42 60
86 29
19 54
26 43
46 40
78 33
29 51
21 56
8 55
60 53
79 42
83 41
63 56
73 32
60 18
83 31
32 58
81 57
44 33
44 16
12 51
41 19
15 54
16 65
54 55
82 25
67 65
14 51
30 38
40 29
17 46
7 58
50 35
91 50
54 11
64 18
28 57
25 39
55 40
43 75
52 13
18 44
80 51
17 64
68 52
83 46
39 17
75 26
8 62
81 28
46 43
39 45
49 41
60 17
93 45
72 47
32 65
49 47
35 44
58 11
84 34
74 49
62 19
51 69
54 46
24 45
67 70
53 59
66 15
40 36
91 43
42 78
64 25
6 48
53 81
71 66
55 33
76 41
57 52
80 42
35 48
53 35
39 38
55 50
47 50
82 52
59 62
45 55
10 59
73 15
48 41
61 31
61 64
58 18
20 45
72 17
66 42
36 43
14 40
76 50
38 18
70 12
46 75
34 59
42 40
26 42
65 67
91 48
65 57
55 62
64 16
68 54
68 32
41 60
53 36
79 33
19 45
20 44
42 71
85 50
51 34
62 53
34 32
48 31
35 58
61 57
36 33
62 37
45 33
37 52
85 31
82 34
53 45
39 46
39 22
26 53
80 36
17 47
17 41
31 41
55 55
55 41
68 53
28 47
73 28
55 15
65 32
10 46
52 2
69 16
4 58
43 71
17 44
76 27
56 65
56 7
32 39
78 40
77 20
72 68
16 63
9 56
61 50
51 56
59 23
85 41
45 32
63 23
67 48
50 51
51 14
57 13
83 30
49 78
80 27
69 32
52 65
68 27
55 52
54 6
15 62
94 33
28 64
55 12
65 25
90 44
69 25
70 66
66 66
43 60
47 43
62 31
67 15
24 40
54 35
45 66
33 58
62 62
84 43
58 70
61 43
75 11
43 77
41 55
23 43
32 36
33 62
39 49
49 36
53 79
13 45
75 50
78 49
52 72
17 50
55 45
71 41
16 50
70 30
54 70
88 38
54 51
27 64
16 51
30 43
56 34
48 17
47 78
42 54
45 59
19 44
81 45
48 4
84 50
58 49
52 28
27 47
61 38
10 50
89 33
60 59
47 58
10 47
33 55
23 64
47 17
36 56
39 61
30 60
38 71
46 54
52 47
38 54
47 41
25 51
28 48
51 82
60 39
64 42
54 65
24 60
69 27
40 63
30 50
30 32
43 74
67 29
65 31
54 21
64 41
77 31
81 46
45 15
18 54
8 52
60 50
46 69
63 55
63 34
48 16
36 63
34 37
56 13
75 48
52 54
58 37
84 32
48 78
62 13
46 56
46 64
42 80
42 17
54 56
56 35
47 4
69 36
89 43
30 61
70 25
77 41
69 50
71 49
29 48
65 66
87 47
64 31
6 50
51 7
58 43
55 39
44 66
46 15
57 62
76 28
8 59
47 44
20 59
48 51
59 68
60 14
86 33
48 14
49 42
35 43
52 53
58 12
12 47
81 32
91 33
45 36
67 69
37 55
95 38
83 42
53 62
4 51
40 33
70 16
69 20
54 15
64 22
28 62
56 24
52 25
80 55
60 48
83 50
39 13
58 41
47 47
85 44
59 61
60 13
10 60
72 51
48 37
49 67
61 34
87 29
61 67
58 23
71 27
62 23
72 14
15 46
56 17
57 31
76 55
17 40
66 11
37 15
40 41
70 35
69 68
52 80
44 60
55 69
16 61
68 43
55 29
65 34
88 34
45 73
80 46
53 39
72 9
50 26
20 49
82 48
63 66
37 32
45 51
51 23
62 49
32 44
22 63
11 45
35 57
87 41
31 39
17 51
32 35
54 1
51 46
59 29
24 56
82 26
43 34
39 53
26 54
46 50
93 38
65 45
55 58
28 52
64 66
40 21
52 7
18 58
26 41
43 66
63 40
20 56
56 62
45 44
77 23
62 56
22 54
78 23
61 20
87 33
87 44
61 53
48 42
34 45
72 28
51 55
11 57
47 32
26 40
57 41
13 55
48 40
88 48
47 48
41 70
31 36
41 33
6 62
50 21
28 43
90 46
91 47
55 11
80 60
70 47
40 46
53 25
79 34
67 10
56 69
42 48
37 34
40 76
77 16
35 18
74 37
30 63
38 62
9 60
61 46
75 22
32 33
72 35
36 54
11 46
50 52
33 65
73 12
47 35
36 46
46 65
57 17
83 34
42 16
78 42
3 58
41 34
71 39
15 58
58 42
5 55
42 15
75 27
67 41
27 63
70 70
66 41
43 64
27 58
50 7
73 9
69 21
45 62
81 56
62 66
78 50
38 14
6 44
44 13
74 26
41 41
38 56
60 64
23 63
36 45
77 19
41 14
57 18
43 63
75 54
78 53
52 68
38 51
71 36
55 37
23 51
64 55
57 27
29 32
27 52
70 65
40 60
30 47
50 58
20 63
17 58
67 24
44 64
42 50
16 53
86 28
78 39
19 48
70 38
58 45
52 41
21 46
8 49
36 31
50 18
11 60
63 42
23 60
60 28
86 35
38 42
43 53
48 75
41 20
64 46
54 53
24 64
32 53
69 39
69 38
4 49
43 78
38 17
47 46
67 33
46 32
42 61
38 11
44 55
19 57
44 54
58 52
44 71
17 52
75 29
57 65
55 22
60 46
50 13
61 42
63 51
23 53
60 19
32 59
67 27
58 17
12 52
49 81
62 17
15 57
19 41
51 63
42 41
14 58
67 64
89 47
53 65
66 21
92 32
30 39
40 30
70 13
7 61
14 60
29 44
20 64
68 11
22 42
55 35
74 9
80 52
43 46
53 33
46 48
76 15
73 41
59 72
72 48
42 46
32 50
68 65
61 37
61 70
58 24
47 39
34 60
72 11
51 68
59 35
54 47
24 46
53 58
40 37
70 36
80 23
55 72
16 58
6 49
28 40
28 58
41 50
65 37
29 46
78 16
80 43
45 48
47 38
53 26
34 63
76 24
47 51
37 19
51 28
34 38
22 64
61 30
61 63
38 63
36 32
51 45
59 41
24 53
53 67
55 44
70 39
17 48
25 49
55 65
64 17
68 33
31 44
89 40
39 30
43 49
79 32
36 53
76 37
82 44
56 59
86 40
59 54
34 33
49 64
35 61
61 56
48 55
62 34
51 50
37 51
11 52
51 51
63 17
14 47
47 29
59 30
53 44
57 35
49 76
26 50
88 45
25 63
74 19
68 40
2 59
64 12
31 53
44 75
6 47
14 46
40 43
28 34
47 42
67 9
56 66
37 37
45 72
19 65
72 69
74 38
9 55
40 23
75 21
48 46
41 56
88 37
37 60
85 39
32 52
14 54
47 36
43 31
39 70
83 33
80 28
52 58
41 37
15 65
78 14
55 7
65 24
42 55
88 44
69 24
40 50
53 21
56 73
54 41
45 58
93 35
84 44
58 71
52 30
31 40
35 41
61 39
60 69
59 15
79 58
37 49
33 53
50 43
60 34
57 21
46 73
47 57
52 73
38 52
41 76
41 38
71 35
68 39
60 38
41 63
55 4
65 17
5 64
67 49
35 40
66 36
92 47
89 41
69 47
47 79
67 23
31 50
54 27
64 34
51 24
77 37
81 44
13 48
48 5
58 46
44 53
42 77
49 26
47 59
63 49
42 58
54 49
36 57
34 36
16 45
57 22
21 40
52 48
74 18
25 50
15 47
50 23
64 43
54 62
41 71
69 26
46 53
30 51
92 38
30 33
55 48
79 20
29 54
81 24
77 30
71 50
44 44
78 27
21 42
38 40
57 60
58 53
8 53
47 66
81 51
33 47
23 56
32 34
36 64
86 39
13 62
41 74
52 55
58 34
12 57
48 79
39 60
15 44
51 58
42 29
75 28
29 39
50 81
69 35
78 48
51 11
40 71
30 58
92 37
30 41
70 22
43 80
69 65
29 47
54 13
64 32
6 51
51 6
68 16
76 35
55 38
24 55
44 67
78 34
39 71
83 44
30 44
8 60
60 42
46 45
20 60
73 35
59 71
86 30
48 15
53 18
35 42
58 13
37 12
62 21
81 31
51 67
35 32
54 48
56 11
14 62
67 68
47 75
40 34
70 17
37 50
54 4
64 23
68 23
13 47
55 31
50 41
44 58
80 56
49 5
39 12
43 55
46 52
82 54
40 20
59 60
51 27
32 54
22 61
49 66
61 33
61 66
58 20
37 61
72 15
51 72
24 50
36 18
57 29
26 44
69 67
91 46
47 31
54 7
64 14
68 44
68 30
41 54
31 43
93 48
78 20
80 47
70 50
39 37
53 38
79 31
46 55
20 42
82 49
63 69
91 40
59 53
45 50
34 34
48 29
74 32
35 56
45 61
87 46
49 18
48 52
34 51
74 40
51 49
37 54
85 33
39 14
43 37
39 52
56 41
48 39
26 55
88 42
93 37
55 61
25 58
6 60
68 51
41 17
64 67
55 21
3 53
91 35
38 9
19 52
18 59
43 69
79 28
76 33
56 63
81 29
43 18
61 65
22 55
61 19
9 50
48 43
37 63
11 56
82 31
46 33
50 44
57 39
49 80
46 29
52 63
88 40
31 59
41 32
71 17
6 63
28 44
90 47
54 81
65 19
91 41
69 11
70 68
40 47
38 35
79 37
7 56
67 13
56 70
42 49
45 68
77 15
62 64
56 19
84 49
38 12
9 59
46 44
21 59
48 66
57 40
72 36
60 66
11 49
23 40
73 11
47 40
36 47
61 21
53 22
53 3
80 32
78 43
44 14
3 61
25 44
15 61
43 15
54 72
5 51
67 44
27 62
53 1
89 35
50 4
56 45
42 56
56 72
77 40
81 55
34 44
42 47
38 15
49 29
75 14
71 47
8 43
60 65
63 27
23 62
29 40
60 30
33 48
57 25
77 13
69 30
52 69
58 28
71 31
16 40
24 58
5 60
69 29
44 31
32 45
66 32
92 43
40 17
17 65
29 57
84 33
54 31
16 54
77 33
38 38
44 49
78 28
21 45
55 23
86 49
43 40
50 19
65 41
63 41
23 55
50 62
60 29
86 41
60 37
29 58
52 44
48 76
25 54
23 44
77 48
78 21
64 47
54 50
24 65
54 30
50 82
27 44
16 41
32 51
26 63
69 52
54 22
64 29
6 52
38 33
39 36
18 51
27 49
21 54
83 43
74 27
89 42
60 47
47 70
71 15
33 32
35 38
60 20
10 55
73 17
48 12
13 58
13 53
38 61
12 53
50 42
62 14
15 56
30 40
51 62
54 45
56 40
89 46
26 58
53 64
30 62
92 33
40 31
7 60
29 43
54 17
71 9
6 55
68 12
31 33
41 48
75 36
52 23
88 29
51 35
83 48
57 73
43 50
47 14
42 74
23 45
46 47
59 59
72 49
48 35
56 15
47 72
61 69
58 25
42 76
73 21
62 25
37 48
83 40
24 47
77 24
