1500
8 33
64 84
65 66
30 48
63 81
33 43
7 38
37 54
10 27
66 78
32 46
36 43
39 36
13 63
16 34
38 17
21 47
58 82
41 42
18 32
14 24
27 16
69 68
52 60
16 22
50 73
32 19
6 4
63 83
28 51
18 36
22 41
25 50
8 26
56 64
30 41
4 42
24 39
7 37
23 16
36 36
9 43
52 73
35 27
64 65
12 11
41 37
15 52
11 20
68 73
4 23
52 53
29 25
3 16
41 33
22 46
8 3
50 51
24 48
7 44
11 47
9 34
11 54
35 18
12 52
43 50
15 43
37 28
11 27
27 30
17 21
48 49
50 75
71 68
25 48
18 50
22 55
5 9
22 54
50 64
24 57
7 19
46 47
29 36
10 6
23 30
62 77
26 35
67 64
35 25
38 36
21 24
15 34
54 73
37 23
20 45
23 57
12 53
24 37
13 28
4 1
29 27
20 29
72 71
18 59
59 72
31 25
5 32
27 49
24 50
7 26
23 29
1 18
62 66
31 45
35 48
8 41
64 76
12 62
33 51
11 9
10 51
14 52
65 61
57 79
38 25
51 63
5 27
53 65
26 34
7 9
55 59
24 18
3 49
23 36
6 44
9 23
22 17
5 47
34 25
8 34
65 85
43 39
37 41
11 16
10 48
40 44
58 69
36 28
25 33
39 51
13 14
52 75
42 38
16 51
47 51
12 19
51 54
39 27
18 17
5 18
17 50
30 26
4 15
7 16
34 17
49 60
23 43
6 21
63 66
9 14
22 22
5 38
68 65
25 37
8 43
12 48
24 24
20 32
10 41
14 34
36 21
57 72
13 57
33 18
21 57
51 45
41 52
2 2
18 22
67 80
14 30
53 51
17 61
30 19
4 8
32 29
6 26
9 9
31 50
58 75
30 47
24 33
53 77
20 25
32 49
36 22
26 27
70 72
16 37
12 5
15 58
67 71
68 75
14 23
30 24
4 33
69 73
6 3
54 61
18 35
31 17
33 33
30 36
43 28
24 26
7 34
37 50
11 37
10 23
66 74
58 65
32 42
36 47
26 24
9 44
57 82
13 59
38 53
21 43
41 46
15 57
25 35
68 68
14 12
27 20
56 75
39 20
4 18
52 64
41 26
6 8
28 29
22 45
5 51
20 59
25 54
65 81
60 65
50 54
24 35
7 49
24 22
10 20
51 67
32 35
6 52
36 40
19 28
9 47
35 31
21 34
41 41
37 33
53 68
40 52
14 5
58 73
17 14
48 52
52 57
29 21
3 4
41 21
6 17
18 57
31 31
5 10
8 15
30 50
4 39
60 66
50 63
24 44
7 24
10 13
23 19
48 54
67 61
13 45
44 49
21 29
30 37
20 56
14 58
17 25
48 45
43 27
70 68
29 28
50 66
15 27
59 69
5 5
17 37
21 55
50 60
24 53
7 31
55 57
29 48
23 26
6 34
62 81
36 50
25 24
9 33
51 75
35 45
64 79
38 40
37 19
45 51
56 67
13 8
68 71
38 20
3 18
51 60
59 76
31 21
5 28
27 53
30 16
61 66
55 64
49 46
23 41
6 43
63 80
19 17
9 24
31 41
5 48
35 36
25 23
8 37
33 29
21 15
37 42
20 34
10 47
66 82
40 47
14 56
26 16
65 65
12 7
16 54
58 70
19 58
28 19
5 23
53 61
4 10
7 5
29 50
49 57
6 48
26 53
5 43
25 46
12 43
43 43
37 37
20 27
10 44
36 32
57 69
55 76
47 47
21 58
1 31
60 75
28 28
18 13
67 77
14 29
53 52
30 30
4 3
49 64
23 55
6 25
22 26
21 33
35 50
34 26
8 23
30 42
33 41
10 37
66 72
36 25
26 30
13 53
21 53
63 82
37 16
18 18
67 68
14 18
4 28
32 25
6 30
28 49
22 35
64 83
30 35
24 29
7 39
10 26
66 81
32 45
36 42
19 34
39 37
13 60
38 16
12 9
41 43
15 54
27 17
69 69
52 59
16 21
49 74
32 18
6 7
54 65
28 50
22 40
5 52
25 51
8 9
56 63
30 40
50 45
24 38
7 46
11 41
10 19
32 38
6 51
36 35
26 20
9 48
39 44
25 15
24 36
12 10
41 34
15 53
11 21
68 72
14 16
27 24
39 32
4 22
52 52
29 22
3 17
65 79
6 12
5 15
8 2
15 60
31 26
50 50
33 26
7 45
11 48
9 35
13 46
35 19
12 51
43 51
15 44
11 28
32 31
27 31
17 18
48 48
13 18
24 45
3 8
50 74
60 71
59 66
31 27
5 6
58 81
8 11
50 59
24 56
7 20
29 37
23 31
19 23
9 26
67 65
35 42
34 34
38 39
12 60
15 35
37 20
36 17
52 46
42 51
12 56
70 67
3 31
15 23
72 70
18 58
59 73
31 18
5 33
27 50
61 71
7 27
33 38
32 17
6 38
62 69
31 38
35 49
47 52
8 40
64 75
21 16
37 47
11 10
10 50
53 67
14 55
58 66
26 15
56 79
13 4
16 57
3 22
51 64
15 14
40 22
24 58
7 2
55 60
49 50
23 37
63 76
26 56
22 16
61 65
34 24
8 49
37 38
11 17
36 27
39 52
13 15
42 41
16 50
38 33
12 18
51 55
18 16
67 74
5 19
17 51
30 29
42 29
49 61
23 44
6 20
63 67
9 15
22 25
5 39
25 34
8 42
32 40
31 30
33 34
11 56
66 71
36 20
19 56
13 54
16 43
21 54
51 46
2 3
28 32
18 25
67 81
14 33
17 58
30 18
4 7
11 13
9 6
22 30
56 57
33 45
15 22
20 24
10 33
66 68
36 45
26 26
9 50
12 12
52 74
16 36
24 41
41 44
15 59
67 72
68 74
14 22
56 76
39 22
4 32
69 70
16 24
29 16
23 58
6 2
54 60
28 53
18 34
25 52
65 71
30 39
33 20
7 35
68 66
37 51
24 23
47 50
66 77
58 64
32 41
36 46
26 19
9 45
57 83
13 40
52 67
25 16
38 52
12 13
11 18
68 67
14 15
51 51
17 12
39 21
41 27
6 11
22 44
12 57
25 55
56 59
4 37
60 64
50 57
24 34
7 42
11 45
10 15
21 25
32 50
35 32
6 39
12 14
41 38
37 30
40 51
17 15
48 51
13 23
52 56
29 18
3 5
6 16
31 32
5 11
8 14
50 62
24 43
7 25
29 38
10 12
23 20
67 62
13 42
51 74
44 48
25 26
8 50
38 34
21 26
37 25
20 55
21 19
17 22
13 30
70 71
29 29
15 28
59 70
31 23
5 2
17 34
24 52
7 32
29 49
10 5
49 44
6 37
35 46
64 78
37 48
11 7
17 33
56 66
13 9
21 45
3 19
51 61
15 19
2 18
28 17
59 77
40 25
5 29
27 54
56 80
22 56
61 67
55 65
49 47
23 34
6 42
12 55
26 55
9 25
57 63
22 15
5 49
35 37
34 23
8 36
64 71
38 48
12 41
24 17
37 43
11 14
10 46
40 46
14 43
6 29
65 62
57 75
13 16
42 44
55 75
12 21
51 52
28 18
18 15
5 20
53 58
4 17
61 74
7 14
29 51
49 54
6 19
26 52
22 20
5 40
25 47
8 45
12 42
43 44
7 50
37 34
20 26
10 39
36 31
57 66
13 11
42 37
65 78
47 48
51 43
2 4
67 78
40 27
14 28
26 36
30 33
4 2
24 32
49 65
23 56
6 24
22 29
35 51
25 38
8 22
33 21
30 45
6 31
24 19
10 36
66 67
14 41
36 24
26 33
13 50
16 39
2 31
37 17
18 21
67 69
68 77
6 33
28 48
22 34
8 31
64 82
33 49
7 40
37 52
11 35
66 80
58 63
32 44
20 42
36 49
39 46
13 61
38 51
12 8
15 55
46 51
18 26
68 78
27 18
4 20
69 66
52 58
49 75
41 28
6 6
54 64
22 43
25 56
8 8
65 75
4 48
22 52
33 24
11 42
10 18
6 50
36 34
19 26
9 49
39 45
41 35
32 32
31 51
17 16
39 33
13 24
52 51
38 21
55 79
3 2
6 15
71 71
22 48
27 37
33 31
4 41
50 53
33 27
7 22
11 49
19 33
5 34
5 30
35 20
12 50
43 52
15 45
54 66
37 26
11 29
17 19
48 47
13 19
52 44
57 81
29 30
3 9
15 33
59 67
22 57
5 7
8 10
60 77
50 58
24 55
66 61
24 20
10 8
5 16
23 32
62 79
36 52
26 37
31 48
35 43
64 81
38 38
21 22
15 36
54 75
37 21
11 4
53 66
58 67
56 69
42 50
3 32
51 58
15 24
31 19
12 54
27 51
17 38
61 68
7 28
49 48
23 39
6 41
62 68
63 78
19 15
9 18
57 64
31 39
25 25
64 74
38 47
21 17
37 44
11 11
14 54
11 33
19 59
56 78
57 76
13 5
42 43
16 56
38 27
3 23
51 65
2 22
28 21
59 81
40 21
20 17
7 3
29 52
59 64
49 51
63 77
26 51
9 13
22 19
51 77
34 19
8 48
12 45
43 41
37 39
11 50
10 42
40 42
36 26
39 53
13 12
42 40
38 32
51 56
28 22
67 75
14 27
17 56
30 28
4 5
42 28
37 45
49 58
23 45
6 23
28 34
5 36
34 32
8 25
12 46
43 48
33 35
10 35
66 70
14 36
36 19
19 57
57 70
13 55
21 40
44 51
12 26
41 50
19 60
28 31
18 24
67 66
17 59
56 77
30 21
4 6
23 52
6 28
9 7
22 33
30 49
33 42
66 65
20 23
10 32
66 79
36 44
26 29
13 62
16 35
41 45
11 55
18 33
67 73
14 25
48 64
4 31
69 71
52 61
16 23
29 17
32 20
6 5
54 63
28 52
18 37
21 31
25 53
8 27
56 65
30 38
24 40
7 36
20 16
10 25
66 76
23 15
36 37
26 18
9 42
23 28
13 41
52 66
35 26
25 17
21 41
41 36
15 51
11 19
66 64
14 14
17 13
48 57
4 24
52 62
16 16
29 24
3 15
50 67
6 10
22 47
5 17
27 34
56 58
50 56
7 43
11 46
10 14
36 38
9 37
53 75
21 32
41 39
37 31
11 26
40 50
17 20
48 50
13 20
29 19
3 6
31 33
5 8
8 13
60 72
50 65
24 42
7 18
10 7
62 74
19 21
13 43
35 24
34 40
38 37
21 27
15 41
37 22
20 54
14 60
65 74
17 23
21 44
29 26
25 49
59 71
31 24
5 3
27 48
17 35
31 28
24 51
7 33
10 4
49 45
32 51
6 36
62 67
31 44
35 47
25 18
64 77
38 42
21 18
9 36
37 49
11 8
14 53
56 81
55 74
38 22
51 62
20 28
2 19
28 16
53 74
5 26
53 64
27 55
73 71
7 8
55 58
3 48
22 31
23 35
1 19
63 74
26 54
9 22
31 35
25 45
8 35
65 84
12 40
43 38
24 16
37 40
11 15
10 49
40 45
14 42
65 63
57 80
42 39
16 52
38 31
12 20
51 53
18 14
5 21
19 24
30 27
4 16
61 75
42 27
7 15
33 44
49 55
23 42
6 18
22 23
5 41
34 31
8 44
12 49
11 62
37 35
20 33
10 38
51 57
36 30
57 67
13 56
42 36
47 49
21 56
51 44
2 30
18 23
67 79
40 26
17 60
30 32
4 9
49 62
32 30
6 27
9 8
6 45
33 39
66 66
20 43
36 23
39 40
52 76
16 38
33 19
18 20
67 70
68 76
14 20
30 25
69 72
6 32
28 47
18 40
22 37
23 17
22 53
50 46
33 46
7 41
37 53
11 36
66 75
65 77
32 43
36 48
26 25
39 47
13 58
38 50
21 42
41 49
15 56
2 15
46 50
68 69
27 19
48 60
4 19
69 67
52 65
6 9
22 42
58 79
8 7
65 80
4 47
50 55
33 25
7 48
51 66
32 36
6 53
36 41
21 39
35 30
64 62
41 40
37 32
11 23
68 70
27 26
17 17
56 74
39 26
52 50
16 12
29 20
3 3
6 14
71 72
20 40
22 51
20 58
8 16
30 51
50 52
33 32
7 23
23 18
25 41
9 41
35 21
34 39
21 28
55 73
37 27
20 57
35 23
14 59
58 72
17 24
48 46
70 69
50 76
15 26
59 68
31 29
5 4
17 36
50 61
24 54
19 42
10 3
23 33
6 35
36 51
19 25
31 49
35 44
64 80
38 41
21 23
15 37
54 74
37 18
11 5
45 50
56 68
33 47
34 20
51 59
18 60
14 61
59 75
31 20
5 31
27 52
17 39
30 17
61 69
7 29
55 63
49 49
23 40
6 40
63 79
19 16
45 49
57 65
31 40
51 76
64 73
21 14
55 67
20 35
14 57
26 17
65 64
57 77
42 42
16 55
38 26
3 24
11 12
57 78
28 20
5 22
53 60
4 11
7 4
55 66
65 76
59 65
49 56
6 49
26 50
9 10
22 18
5 42
34 18
64 66
43 42
37 36
11 51
10 45
36 33
57 68
13 13
42 35
47 46
58 68
1 30
25 36
67 76
53 76
14 26
17 57
30 31
4 4
22 58
49 59
23 54
6 22
9 5
5 37
25 40
8 24
43 49
33 40
66 62
24 25
23 53
36 18
26 31
13 52
44 50
16 41
21 52
41 51
20 41
28 30
67 67
14 19
58 76
30 20
4 29
32 39
32 26
48 59
18 39
22 32
