2000
6 48
50 57
40 60
9 51
71 56
13 56
75 53
57 73
8 50
52 55
25 28
83 53
134 54
128 44
59 60
113 39
13 4
94 54
17 17
61 66
117 45
3 46
81 51
29 25
63 64
19 31
5 16
31 23
4 13
55 65
123 67
7 18
123 71
126 62
96 42
20 56
95 54
10 50
128 68
27 30
132 63
96 49
126 77
134 61
11 19
128 51
79 66
44 70
13 9
17 6
16 52
26 21
3 47
55 57
29 18
15 7
60 70
93 37
2 10
63 57
19 24
93 45
61 72
18 17
4 8
21 14
95 51
124 47
3 27
131 54
130 56
20 15
6 54
10 57
9 9
132 58
94 40
96 52
52 73
126 68
25 18
73 52
47 65
43 73
11 28
72 49
128 62
11 53
49 59
23 56
79 59
53 64
27 53
104 35
30 25
26 28
3 40
46 71
122 48
95 43
90 57
28 22
5 30
67 55
96 34
88 60
110 39
92 55
110 38
7 20
126 44
63 67
37 56
51 70
107 33
45 56
5 42
16 17
8 51
127 73
74 49
7 40
51 63
24 30
82 65
76 47
133 56
79 52
45 68
13 23
84 63
58 58
27 59
78 45
17 55
135 58
12 6
81 50
55 59
103 33
86 61
60 56
80 51
28 29
57 57
115 46
62 70
18 31
118 48
30 23
7 29
33 60
3 13
120 45
94 60
125 64
9 23
19 54
5 47
22 27
70 53
124 75
127 66
128 48
7 49
51 56
124 72
24 21
82 56
54 73
136 55
76 58
133 61
10 19
97 35
45 73
84 58
25 52
29 53
60 63
2 47
14 7
48 67
31 59
98 39
62 61
18 22
4 49
1 30
30 22
16 25
20 28
6 11
42 57
2 27
53 70
18 50
131 64
41 58
1 36
72 54
95 58
10 26
94 53
129 49
48 59
78 59
26 17
12 24
103 35
2 38
14 6
115 40
27 20
4 44
66 55
17 28
29 58
3 7
20 19
6 26
68 57
125 46
101 34
19 16
22 17
8 8
53 75
100 34
4 32
131 57
7 51
11 56
55 69
76 60
50 63
71 50
56 73
22 53
78 58
52 65
26 56
129 63
77 45
34 56
11 4
54 59
28 58
14 29
85 61
125 48
27 29
4 35
16 3
91 56
95 47
68 52
112 43
5 6
127 45
64 64
126 49
21 27
69 53
6 37
40 61
13 51
75 48
57 72
96 35
52 60
25 31
83 64
24 54
80 47
128 45
14 20
113 40
56 56
30 59
87 60
61 61
117 44
81 58
29 24
59 72
89 58
5 11
124 65
8 26
18 55
121 48
7 5
130 62
124 68
23 30
9 15
71 52
128 69
75 57
96 46
126 82
25 24
15 54
77 59
11 22
82 48
28 60
102 35
59 64
49 57
93 52
44 71
13 8
84 50
58 73
30 58
16 53
127 51
113 42
81 63
15 10
60 71
116 44
2 7
63 60
19 19
93 44
17 52
61 67
18 14
4 9
121 45
7 14
111 37
3 30
130 53
20 52
6 51
50 68
40 55
10 54
9 8
65 55
132 59
97 39
126 73
25 21
97 34
129 78
21 53
77 52
11 23
128 55
79 62
53 59
27 16
126 79
16 56
26 25
122 45
15 3
116 39
90 54
130 48
28 23
93 49
67 58
57 63
88 61
18 5
16 30
7 23
33 58
3 31
119 44
23 16
94 52
129 50
5 37
132 54
96 56
52 69
12 51
74 46
77 57
51 66
82 62
128 66
133 51
10 9
79 55
27 57
13 22
58 55
78 50
26 32
12 7
46 67
29 59
15 28
60 57
90 61
119 49
5 34
124 46
105 34
62 67
18 28
92 51
95 40
123 76
106 34
6 9
51 74
9 30
95 35
27 27
8 55
70 58
127 69
74 53
7 36
125 72
82 53
14 56
133 60
10 16
9 50
45 72
101 35
84 59
113 36
135 54
25 55
81 46
47 74
15 21
93 42
2 44
80 55
98 36
62 66
18 19
92 62
122 67
123 66
17 22
20 29
6 16
9 19
128 47
5 51
94 35
8 18
92 38
130 47
127 62
130 49
118 40
41 61
11 50
54 69
56 75
48 56
54 77
78 64
110 40
29 56
83 49
46 66
29 57
103 38
60 59
80 66
54 57
14 3
48 71
31 55
62 57
18 26
12 55
17 29
3 10
122 66
20 24
94 47
2 31
113 45
8 9
53 74
127 55
4 33
64 58
131 52
7 54
111 41
11 51
54 76
46 65
76 61
50 60
10 30
131 46
48 63
78 55
92 50
26 53
12 20
73 47
129 54
77 44
2 42
54 64
85 60
49 74
98 34
36 59
4 40
56 66
123 69
5 46
92 42
94 46
68 53
107 36
22 13
8 28
127 48
4 28
38 56
16 26
69 52
1 45
119 48
46 56
6 42
93 57
57 75
78 54
124 71
12 27
83 59
77 49
134 56
11 8
28 54
59 58
79 47
36 54
56 57
114 44
16 7
87 63
61 60
117 39
91 60
29 19
6 29
94 51
89 61
129 47
19 29
5 10
8 19
18 52
55 66
7 8
69 57
117 49
126 64
96 41
6 49
50 58
124 69
9 54
71 55
13 55
75 52
57 68
96 39
52 56
92 45
25 27
83 52
115 47
11 17
28 61
59 59
49 56
97 42
13 3
58 70
30 55
61 65
117 48
3 45
81 54
125 47
59 76
93 38
99 37
63 63
5 15
31 22
124 78
4 14
121 44
7 17
20 53
124 80
10 51
128 73
135 60
94 39
96 50
126 78
25 20
21 52
77 63
95 56
11 26
109 35
128 52
79 65
53 58
114 42
61 58
26 22
3 38
81 59
55 56
15 6
60 67
116 40
119 43
93 48
61 71
18 18
26 19
21 13
7 26
43 60
3 34
130 57
20 16
50 72
51 76
125 81
45 66
5 36
132 55
52 74
126 69
12 56
73 51
47 64
21 57
77 56
43 72
11 27
72 50
117 46
49 62
23 55
79 58
53 63
27 52
114 37
125 71
104 36
78 47
26 29
3 39
46 72
122 49
112 36
86 63
90 58
28 19
5 29
57 59
23 52
62 72
92 56
118 47
135 59
7 19
94 55
126 45
37 55
51 69
125 74
39 58
45 55
106 33
5 41
39 57
8 52
70 55
127 72
74 50
47 57
16 22
24 27
76 48
133 55
93 53
106 36
45 67
13 26
84 64
58 59
78 46
135 57
12 3
81 49
103 32
86 62
80 52
28 30
35 57
115 45
62 63
95 32
30 24
7 28
33 59
3 12
120 46
75 50
125 63
9 26
19 53
5 50
22 28
70 54
127 65
131 62
95 36
41 60
24 22
82 57
54 74
14 52
76 55
133 64
10 20
97 38
48 57
92 49
109 39
47 70
94 58
60 64
34 59
129 48
80 59
56 59
14 8
31 58
98 40
46 63
62 62
4 50
17 26
20 25
6 12
42 58
93 50
2 28
19 14
39 59
53 69
108 36
131 63
41 57
11 54
72 51
10 27
48 60
22 55
78 60
102 34
26 18
12 21
129 57
25 59
48 75
115 39
27 19
4 41
66 56
46 70
125 77
114 47
91 54
20 20
6 19
68 58
125 45
19 15
8 29
112 39
4 29
131 56
24 16
55 68
50 64
71 49
75 46
56 74
113 37
22 54
52 66
26 57
83 62
77 48
34 57
54 60
28 55
85 64
130 45
111 42
36 55
4 36
123 48
16 4
91 55
6 34
59 70
32 59
89 60
128 54
93 61
94 38
59 74
21 30
69 56
55 77
11 55
6 38
50 55
124 74
23 20
71 58
13 54
75 47
96 36
52 57
47 67
83 63
95 37
44 69
52 72
80 48
128 46
14 21
49 75
110 37
13 18
30 60
87 59
61 64
117 43
81 57
29 23
59 71
18 1
89 57
63 66
5 14
124 66
8 23
4 15
38 59
15 2
111 38
127 76
130 63
6 45
23 29
9 18
71 51
132 65
96 43
126 75
25 23
129 80
15 53
77 62
134 59
11 21
82 49
128 53
102 36
44 72
13 7
118 46
58 74
114 39
17 54
4 45
3 49
81 66
15 9
60 72
116 41
2 8
63 59
119 46
93 43
23 53
61 70
18 15
4 10
16 29
95 53
3 29
119 45
130 54
20 17
6 52
50 69
40 56
10 55
9 7
132 60
96 54
52 75
126 74
25 16
94 57
21 56
77 51
120 49
49 65
79 61
136 56
104 37
3 42
122 46
35 58
90 55
29 54
28 24
5 28
67 57
57 66
88 62
18 6
92 57
21 17
7 22
33 57
96 40
20 12
95 52
112 42
23 15
45 54
128 80
27 28
132 51
22 26
8 53
52 70
92 44
12 52
74 47
95 34
51 65
82 63
128 63
76 49
95 49
133 54
10 10
79 54
27 56
13 21
58 56
17 4
26 33
12 8
81 48
46 68
15 27
86 59
60 58
93 39
90 62
80 53
28 31
5 33
105 33
103 34
62 68
18 29
92 52
24 55
125 79
95 39
6 10
51 73
125 62
9 29
5 45
94 42
70 51
127 68
74 54
118 39
7 35
51 58
24 31
82 54
109 40
76 44
133 59
10 17
9 49
45 71
101 38
84 60
135 53
25 58
55 72
47 73
15 20
60 65
2 45
80 56
95 57
98 37
62 59
18 20
4 51
30 20
16 19
20 30
6 17
9 22
130 50
113 46
44 57
127 61
41 56
76 51
97 50
56 76
78 65
26 15
12 26
83 48
129 56
103 37
60 60
2 36
80 63
54 58
14 4
48 72
115 42
62 58
27 22
4 46
17 30
127 77
92 41
3 9
20 21
94 48
68 59
2 32
19 18
107 37
22 15
53 73
127 54
4 34
131 51
21 20
7 53
24 17
72 55
55 71
93 58
127 70
56 67
48 64
78 56
26 54
73 50
129 53
114 41
124 62
11 6
54 65
14 27
85 59
49 73
120 48
27 23
4 37
16 5
91 58
29 29
6 31
32 56
113 38
19 3
93 60
22 14
44 59
127 47
94 56
38 57
69 51
25 17
46 57
6 35
9 56
27 24
96 37
52 62
92 48
12 28
129 62
134 57
11 7
99 33
14 26
59 57
105 37
79 46
27 32
56 58
114 45
16 8
87 62
61 59
117 42
91 59
81 56
29 22
6 30
44 55
89 56
19 28
5 9
8 20
124 77
18 53
125 75
7 7
126 65
95 50
6 50
50 75
124 70
9 53
71 54
110 42
75 51
125 78
57 67
8 48
126 80
25 30
83 51
129 67
11 16
109 36
128 50
44 73
13 6
58 71
30 56
17 15
117 47
3 44
81 53
95 45
59 75
60 73
116 46
99 36
63 62
19 21
5 18
31 21
18 12
4 11
7 16
43 58
130 51
20 54
40 57
10 52
114 48
128 74
132 61
96 47
126 71
25 19
49 64
79 64
53 57
27 18
13 27
107 34
61 57
26 23
3 37
122 68
15 5
60 68
125 70
28 25
93 47
61 74
18 3
4 6
21 16
7 25
43 59
126 47
3 33
20 13
50 73
51 75
125 68
45 65
18 2
5 35
132 56
22 23
70 49
126 70
12 53
73 54
47 63
17 21
77 55
44 68
43 71
128 60
136 57
94 34
10 7
79 57
53 66
13 20
78 48
93 56
26 30
12 9
46 73
112 41
60 75
90 59
28 20
5 32
124 48
105 32
92 53
7 34
111 35
17 5
37 58
6 7
125 73
9 28
45 58
5 44
39 56
70 56
74 51
47 56
121 47
82 51
76 45
133 58
97 40
27 60
101 33
84 61
58 60
135 56
12 4
15 23
80 57
28 27
115 44
88 57
62 64
66 59
16 28
7 27
3 11
20 31
6 6
125 66
97 33
19 52
5 49
22 29
100 36
108 35
131 61
41 59
24 19
1 29
54 67
14 53
76 56
133 63
10 21
97 37
56 77
48 58
94 50
12 11
47 69
60 61
34 60
80 60
14 9
48 73
31 57
18 24
4 47
55 60
16 23
125 69
6 13
42 59
2 29
110 41
125 76
19 13
27 33
53 72
12 50
109 38
24 14
72 52
55 74
10 28
97 46
48 65
22 56
78 61
12 22
129 52
2 40
127 52
85 58
27 26
4 42
66 57
56 60
123 46
91 53
94 44
68 55
32 57
94 37
92 47
127 50
4 30
64 59
131 55
21 24
69 50
1 43
109 41
55 67
24 15
6 40
50 65
97 51
75 45
52 63
26 58
12 29
83 61
73 46
95 38
77 47
34 58
11 10
80 46
54 61
28 56
14 23
85 63
105 36
79 49
110 36
36 56
127 78
123 47
104 33
91 62
6 27
59 69
95 42
32 60
89 59
5 8
16 54
8 21
131 48
21 29
7 10
69 55
111 39
123 65
55 76
6 47
50 56
40 59
23 19
9 52
71 57
13 53
127 79
57 74
8 49
52 58
83 54
134 53
11 11
14 22
118 45
30 61
61 63
92 40
81 52
29 26
17 25
116 47
63 65
5 13
23 54
124 63
96 32
4 16
38 60
123 68
126 61
130 64
20 55
10 49
9 17
128 67
96 44
126 76
77 61
134 60
11 20
82 50
129 45
102 37
99 34
53 56
136 54
13 10
84 48
58 75
114 40
16 51
26 20
3 48
81 65
55 58
15 8
60 69
116 42
63 58
19 25
93 46
61 69
1 28
18 16
4 7
55 64
7 12
126 52
3 28
130 55
20 18
6 53
50 70
10 56
9 10
128 78
36 58
65 57
132 57
96 51
52 76
126 67
25 15
73 57
47 66
21 55
11 29
128 61
23 57
79 60
27 54
17 3
128 79
26 27
3 41
122 47
112 38
93 40
90 56
28 21
5 27
67 56
57 65
124 49
88 59
92 58
125 80
7 21
63 68
130 46
23 14
128 49
5 39
132 52
94 41
8 54
52 67
127 74
74 48
95 33
51 64
24 29
82 64
109 37
128 64
76 50
133 53
27 55
13 24
58 57
126 46
54 75
12 5
81 47
46 69
29 61
15 26
86 60
107 35
90 63
80 54
57 58
124 44
62 69
18 30
12 57
92 59
7 30
3 14
94 59
97 32
5 48
70 52
127 67
7 50
51 57
24 32
82 55
54 72
76 57
133 62
10 18
97 36
45 74
101 37
115 48
25 57
131 50
47 72
15 19
60 66
2 46
80 61
111 43
48 70
31 60
98 38
62 60
18 21
92 60
118 49
30 21
16 20
12 19
20 27
6 18
116 45
42 56
9 21
127 80
93 54
14 2
8 16
44 58
131 65
17 20
1 41
72 53
76 52
10 25
97 49
84 52
48 62
124 73
26 16
12 23
83 47
129 55
103 36
2 37
80 64
28 18
14 5
115 41
93 36
120 47
27 21
4 43
66 54
47 71
17 27
3 8
94 49
91 50
19 17
22 16
8 7
53 76
127 53
4 31
113 41
21 19
7 52
123 74
24 18
129 46
72 56
76 59
50 62
112 37
56 68
22 52
78 57
26 55
73 49
129 64
77 46
11 5
54 66
28 57
85 62
123 45
36 57
4 38
56 64
16 6
91 57
45 70
6 32
32 61
93 59
8 34
127 46
4 26
64 63
38 58
21 28
69 54
46 58
6 36
9 55
13 52
75 49
94 45
96 38
52 59
25 32
83 65
129 61
134 58
24 53
109 34
14 19
59 56
79 45
132 64
27 31
110 43
114 46
87 61
61 62
117 41
81 55
29 21
95 46
59 73
19 27
5 12
96 33
18 54
126 50
7 6
69 59
126 66
6 43
50 76
124 67
23 31
9 16
71 53
75 58
57 70
96 45
126 81
25 29
15 55
77 60
24 56
82 47
28 59
59 65
49 58
13 5
84 49
58 72
30 57
17 16
3 43
81 64
60 74
116 43
99 35
63 61
19 20
5 17
61 68
18 13
4 12
121 46
95 55
5 40
43 57
130 52
20 51
40 58
10 53
45 59
75 59
65 56
132 62
96 48
52 77
126 72
25 22
21 54
44 67
43 69
118 41
94 33
49 63
93 51
79 63
53 60
27 17
127 75
16 55
26 24
3 36
15 4
86 58
116 38
127 81
28 26
5 26
57 64
61 73
18 4
21 15
95 48
111 36
126 48
3 32
130 65
20 14
35 59
50 74
125 67
9 6
5 38
132 53
22 24
96 55
70 50
12 54
74 45
73 53
47 62
77 58
51 59
123 70
72 48
128 65
133 52
10 8
79 56
53 65
27 58
13 19
78 49
26 31
12 10
46 74
29 60
15 29
60 76
90 60
5 31
124 45
88 63
18 27
92 54
16 27
95 41
55 73
37 57
17 2
6 8
9 27
45 57
127 64
5 43
22 31
70 57
100 35
74 52
47 55
82 52
14 55
76 46
133 57
25 54
45 69
101 36
84 62
58 61
135 55
25 56
15 22
2 43
80 58
28 28
115 43
98 35
88 58
62 65
92 61
16 21
123 75
120 44
6 15
112 40
125 65
9 20
19 51
5 52
22 30
8 17
127 63
24 20
95 44
54 68
14 54
76 53
106 35
10 22
48 55
78 63
25 53
83 50
47 68
60 62
93 41
80 65
54 56
14 10
48 74
31 56
62 56
18 25
4 48
131 58
20 23
6 14
42 60
2 30
19 12
94 36
64 57
131 53
134 62
11 52
72 57
46 64
11 57
50 59
10 29
78 62
29 55
73 48
129 51
2 41
54 63
98 33
110 35
27 25
4 39
66 58
56 65
94 43
91 52
29 27
6 21
68 56
32 58
114 38
19 5
17 53
8 27
127 49
4 27
64 60
38 55
21 23
111 40
108 34
46 55
6 41
50 66
75 44
56 72
57 76
52 64
26 59
12 30
83 60
77 50
134 55
11 9
28 53
14 24
93 55
105 35
79 48
13 11
118 44
114 43
104 34
117 40
91 61
29 20
6 28
59 68
2 12
89 62
124 76
19 30
5 7
10 6
8 22
18 51
46 54
131 47
7 9
69 58
126 63
119 47
55 75
