200
15 11
18 6
3 9
20 1
6 20
4 8
1 7
7 15
6 9
5 15
11 7
8 18
7 10
17 6
9 9
14 7
10 16
7 5
16 5
3 6
6 19
11 17
1 8
7 20
5 16
19 7
19 8
13 7
17 4
18 5
8 5
16 7
20 2
19 3
7 22
6 14
5 6
4 14
7 9
12 11
19 4
8 8
17 5
14 12
13 8
10 9
15 7
10 18
17 10
16 10
3 13
4 12
17 11
6 13
5 11
4 17
11 11
18 3
7 6
2 10
12 6
19 6
9 13
8 11
14 11
15 12
21 3
16 13
3 10
4 7
1 12
7 16
6 8
5 12
2 13
18 4
7 11
11 19
12 9
14 6
18 8
17 8
3 7
6 18
4 18
11 18
1 9
20 6
6 7
5 17
8 20
8 21
2 11
15 4
9 19
16 6
19 5
6 17
5 7
7 18
5 18
12 10
16 4
8 7
13 9
10 8
9 20
15 8
13 5
18 11
16 9
20 5
7 21
3 16
4 11
6 12
5 8
4 16
2 9
7 7
9 10
8 10
14 10
13 10
14 5
10 7
17 12
16 12
11 5
3 11
14 4
3 14
7 17
6 11
5 13
2 12
8 16
7 12
12 8
9 7
14 9
15 5
10 10
15 10
17 9
3 8
6 21
4 9
2 14
7 14
6 6
5 14
11 6
8 19
9 8
10 17
5 10
9 18
11 8
19 9
11 10
6 16
7 19
5 19
8 6
13 6
15 9
10 20
16 8
17 7
20 3
4 10
19 2
6 15
5 9
4 15
2 8
7 8
18 7
9 11
8 9
13 11
10 6
15 6
10 19
16 11
3 12
4 13
3 15
6 10
11 9
12 18
2 7
8 15
7 13
12 7
9 12
8 12
14 8
13 12
