1500
62 7
45 19
42 46
72 45
35 48
56 16
73 6
8 26
57 35
51 17
49 29
59 50
45 51
52 36
35 18
65 7
39 26
47 61
74 64
64 51
50 34
51 78
63 37
51 29
21 33
47 46
47 42
35 14
58 30
78 60
45 24
59 41
59 77
20 30
39 49
33 37
43 26
66 10
27 31
57 32
40 10
46 43
41 41
55 42
69 11
26 36
65 4
68 69
50 41
14 23
51 71
51 30
24 29
50 64
64 43
12 21
47 39
63 55
49 34
73 7
55 51
59 42
61 79
33 42
43 35
18 31
44 14
54 12
48 61
15 19
32 21
55 19
16 24
58 75
65 13
61 54
53 21
10 14
36 33
60 69
37 42
50 55
38 23
66 68
49 42
40 45
30 22
61 13
54 36
32 28
58 50
47 25
61 72
41 42
53 39
51 49
24 23
34 30
74 48
65 38
43 8
22 33
62 43
36 47
63 4
46 18
62 67
34 10
30 21
56 68
69 56
32 14
28 31
68 45
68 67
43 43
35 44
71 54
7 23
26 25
48 42
50 14
40 43
54 46
5 24
51 41
48 25
50 69
62 69
75 63
65 56
49 23
62 34
50 26
40 52
29 32
34 17
44 27
58 38
31 35
9 18
53 49
45 16
68 36
41 13
55 14
59 73
58 64
66 34
70 10
73 61
57 66
20 36
60 62
46 53
46 47
62 54
15 20
41 33
62 60
49 75
25 26
65 44
49 30
50 33
23 24
11 24
54 64
60 43
34 8
47 31
37 41
44 34
58 45
49 10
19 20
42 36
43 11
66 41
54 20
37 6
41 22
64 14
74 5
62 51
48 50
47 35
39 20
50 24
51 56
37 18
60 18
47 24
44 45
29 19
52 58
66 32
70 54
17 28
27 25
55 16
71 53
37 15
51 12
59 53
49 61
71 65
41 52
39 29
47 64
74 61
47 29
39 30
37 27
64 37
39 52
35 17
44 48
59 36
46 10
60 17
67 58
57 71
70 53
67 49
6 24
45 55
69 6
35 22
65 3
39 38
64 55
50 38
14 28
24 38
64 44
12 22
53 56
44 47
66 67
59 45
57 21
29 17
48 57
66 14
30 36
70 46
8 25
18 28
61 65
40 14
72 50
59 63
42 5
67 39
56 24
39 47
53 48
36 34
14 19
60 70
63 59
51 18
53 65
22 23
48 38
59 46
63 14
54 72
43 39
30 27
18 19
44 10
21 35
2 22
28 25
32 25
16 28
44 54
34 48
72 48
56 42
40 21
63 19
34 27
38 19
69 59
52 53
62 48
59 23
57 50
30 18
44 21
69 55
28 32
68 46
42 19
52 44
52 13
16 31
58 54
47 68
60 56
46 59
51 36
62 66
48 69
75 58
65 55
68 7
48 24
59 32
1 21
46 46
34 14
50 75
30 17
58 58
44 28
67 12
31 38
56 64
9 25
28 27
45 15
68 41
67 4
32 35
42 26
72 9
71 50
56 28
73 64
5 21
54 42
15 23
64 8
62 65
52 24
52 71
50 30
47 63
52 35
54 53
60 44
66 56
67 5
69 69
30 38
32 42
42 33
3 20
7 28
56 31
66 38
39 3
73 57
50 9
5 26
40 38
37 5
72 6
38 49
44 46
35 39
13 22
39 23
36 42
74 51
50 21
51 51
48 56
60 23
53 73
56 50
67 6
49 14
62 17
19 24
55 71
42 8
71 68
69 49
67 68
39 12
27 20
43 55
37 10
48 28
41 18
60 59
74 9
52 42
65 66
61 66
62 20
74 58
23 29
51 76
37 22
39 55
35 12
58 24
62 8
45 18
57 74
43 18
30 42
27 29
67 43
45 52
46 42
51 16
41 43
48 52
52 37
69 5
35 25
65 6
39 41
47 60
74 65
64 56
50 35
63 36
51 28
76 63
53 55
71 57
58 31
22 37
55 57
20 31
43 33
66 11
34 39
70 65
26 22
8 18
67 36
40 11
54 14
71 12
9 17
28 35
51 9
26 37
65 15
61 64
47 53
36 39
14 24
51 70
63 62
51 21
24 26
50 65
53 60
65 19
48 35
55 50
63 17
49 59
33 45
43 34
66 2
4 21
30 32
44 15
54 13
42 53
65 49
32 18
55 18
41 5
61 57
53 20
10 15
64 66
60 66
63 22
53 36
24 21
50 56
61 32
65 32
56 32
52 54
45 41
63 10
57 57
66 9
56 74
32 17
32 29
75 5
26 19
56 46
53 29
52 34
60 77
49 24
34 31
48 76
38 31
61 25
75 61
65 41
22 26
48 21
38 52
18 22
67 41
77 63
63 3
34 11
30 14
56 69
39 48
31 41
61 49
9 28
28 28
45 10
68 42
32 36
67 67
7 22
26 26
56 41
43 14
27 37
68 70
40 49
46 55
71 5
51 40
50 70
64 5
62 62
75 62
65 51
65 46
52 72
62 35
35 34
54 50
30 13
56 60
58 39
21 36
31 34
71 48
9 21
59 16
29 36
69 38
43 9
39 6
26 18
31 42
48 75
60 63
54 22
58 35
62 61
41 11
65 64
69 60
49 31
50 18
23 23
51 62
46 41
60 24
34 9
57 73
47 30
44 35
58 46
48 11
62 14
54 65
52 49
29 29
49 41
43 10
17 30
73 53
54 21
41 25
64 15
74 6
62 52
52 47
25 18
35 27
51 48
53 68
50 25
61 69
51 55
63 46
44 42
58 21
56 63
62 13
53 75
55 67
45 33
67 9
29 18
46 31
66 33
70 55
49 11
71 6
37 14
41 46
27 34
35 20
39 28
53 37
63 39
60 26
64 34
68 50
53 50
39 51
35 16
19 37
65 5
44 49
72 46
46 11
33 35
43 28
73 5
70 62
44 9
28 36
32 12
45 54
33 21
65 2
56 19
61 63
53 42
60 64
14 29
63 32
63 65
24 39
50 62
12 23
49 76
61 38
35 9
45 47
68 9
55 32
20 27
67 50
57 63
66 15
4 22
70 61
70 47
8 22
18 29
44 16
67 40
40 15
72 51
48 27
32 15
55 21
58 73
61 52
53 19
14 20
40 27
41 4
37 40
24 30
34 37
53 64
61 31
65 31
22 24
52 59
47 76
55 62
59 75
67 60
57 60
22 30
30 28
18 20
57 20
40 6
2 23
28 22
77 7
55 30
72 12
48 51
56 43
58 15
42 22
63 18
63 51
51 42
50 76
38 20
61 20
59 52
22 31
52 50
39 19
77 58
46 24
43 47
73 48
50 74
30 19
69 54
9 27
58 42
32 33
71 56
26 23
70 9
60 57
46 60
67 57
51 35
38 27
48 66
65 54
65 37
13 27
49 25
59 31
49 62
54 55
41 14
49 49
44 29
58 36
31 37
9 24
45 14
68 60
42 27
44 17
29 35
69 37
58 62
56 29
66 49
73 59
5 20
40 36
15 22
59 69
64 9
65 63
65 42
52 68
62 31
56 73
50 31
51 65
54 62
56 72
66 57
44 36
58 43
19 30
25 37
44 31
55 20
68 55
71 58
69 42
73 46
33 24
56 20
66 39
39 2
53 15
73 56
76 5
40 39
11 15
52 75
59 70
60 58
62 57
52 48
25 25
35 38
39 22
62 22
74 52
50 22
23 19
51 50
54 61
53 72
56 51
57 64
49 15
19 23
71 67
33 33
56 23
39 11
17 26
27 19
71 9
37 13
41 21
60 49
49 55
35 31
39 31
62 21
74 59
50 45
23 28
51 75
37 25
60 31
45 42
61 44
35 11
62 9
61 77
29 22
46 16
33 38
70 51
58 53
58 14
67 42
56 36
56 71
72 61
6 22
59 56
45 53
48 62
35 24
65 9
39 40
47 59
64 57
63 35
34 43
64 38
12 24
47 44
61 37
58 32
54 60
55 56
59 39
20 28
43 32
66 12
70 36
8 19
18 26
40 16
54 15
71 11
72 52
6 21
38 6
55 74
58 70
65 14
61 51
47 52
64 64
60 72
37 39
51 20
50 50
26 32
65 18
52 60
10 21
45 35
59 49
20 23
33 44
43 41
30 33
48 68
57 19
2 20
42 54
32 19
55 33
16 22
56 44
45 29
10 16
64 67
76 8
40 31
37 44
51 45
24 18
48 59
38 25
54 45
48 40
49 43
62 46
66 69
45 40
63 9
46 29
43 42
73 47
30 24
61 15
28 30
57 16
28 18
68 49
32 26
42 17
38 12
52 15
26 20
70 6
40 22
34 32
47 48
38 32
61 24
75 60
65 40
22 27
52 78
77 62
63 2
34 12
30 15
47 11
56 66
30 16
69 58
9 23
28 29
32 37
71 52
7 21
26 27
73 62
56 48
46 56
51 39
15 25
34 23
48 70
47 37
65 50
31 39
48 29
62 36
36 5
11 21
54 51
56 61
58 40
31 33
49 9
71 47
9 20
59 15
68 40
55 12
40 55
49 54
69 41
33 23
56 33
66 36
70 12
17 24
73 55
58 63
40 40
35 32
72 8
40 46
41 27
64 13
38 46
52 21
63 50
35 41
59 48
39 25
53 69
50 19
39 32
23 22
51 53
11 22
60 25
7 27
53 71
56 52
67 8
49 16
62 15
45 27
68 51
42 38
29 28
69 46
33 20
43 17
73 52
54 30
55 44
59 74
55 41
74 7
49 56
25 21
35 26
61 80
62 18
50 42
37 20
60 32
64 32
53 76
61 43
44 43
31 19
55 66
42 45
60 48
29 21
56 11
66 18
52 73
54 29
77 61
37 17
52 38
59 51
50 72
52 39
49 35
35 19
39 27
47 62
36 46
63 38
38 40
21 30
47 47
61 48
35 15
22 35
62 5
55 75
42 10
72 47
35 47
20 33
60 15
43 27
73 4
30 39
70 41
27 32
57 33
67 46
40 13
9 15
48 26
32 13
45 57
76 59
76 58
61 62
53 45
36 41
50 40
14 22
50 63
64 42
48 37
45 46
59 43
59 76
33 43
8 23
18 30
57 22
58 16
40 4
54 11
46 44
32 20
42 7
49 50
58 74
39 45
53 18
10 13
36 32
37 43
51 24
24 31
34 38
38 22
61 30
63 54
59 44
41 54
71 7
61 78
43 45
18 21
72 64
28 23
58 41
55 29
52 16
56 62
56 49
31 32
40 19
46 62
37 49
24 22
50 77
74 47
61 23
22 32
52 51
62 42
36 15
23 39
63 5
52 55
43 46
30 20
57 12
69 57
9 26
72 66
10 28
68 66
57 23
71 55
58 56
53 74
50 13
40 42
54 37
15 28
34 20
50 68
38 28
48 67
75 64
65 57
13 26
49 22
62 41
59 30
20 37
46 48
67 10
31 36
44 33
9 19
52 41
45 17
32 41
55 15
72 7
35 43
71 64
69 36
26 31
73 58
40 37
54 44
48 22
64 6
62 59
52 22
25 27
13 19
49 33
62 32
18 24
50 32
60 42
53 66
47 45
44 37
58 44
49 13
57 56
68 52
42 35
29 27
7 26
33 19
56 21
66 40
17 20
73 51
57 46
62 55
41 23
64 17
78 61
62 50
39 46
39 21
62 23
50 23
63 48
37 19
45 43
56 56
58 19
19 22
55 69
42 42
71 66
33 32
56 12
39 10
33 9
17 29
57 39
71 8
37 12
51 13
58 37
52 40
35 30
61 68
53 35
74 60
50 46
54 49
64 36
61 47
35 10
31 15
62 2
46 35
45 20
72 49
29 25
46 17
60 16
48 39
57 76
60 74
27 27
57 36
42 28
6 23
41 45
55 46
45 36
49 63
69 7
35 23
65 8
61 61
53 40
64 54
14 27
63 34
53 34
51 26
34 44
41 7
47 43
61 36
58 33
64 52
55 55
67 7
20 29
67 52
43 31
66 13
70 37
8 24
18 27
67 34
54 16
71 10
25 38
59 64
58 71
65 17
70 11
61 50
64 65
14 18
60 73
51 19
33 31
24 32
50 51
64 46
53 62
25 31
46 52
48 41
10 22
41 53
63 15
54 71
57 58
70 66
58 34
66 66
57 18
61 46
2 21
15 21
42 55
77 5
32 24
42 11
38 14
16 23
75 7
53 22
10 17
37 47
24 19
34 26
12 27
52 52
62 47
10 29
59 24
63 8
41 39
57 51
57 75
30 25
47 17
61 14
18 25
44 20
21 34
28 19
48 33
32 27
42 18
38 13
16 30
26 21
61 53
36 23
50 10
44 55
60 75
46 58
60 65
51 37
34 33
49 68
75 59
22 28
49 19
62 38
59 33
23 35
63 1
34 13
43 29
21 37
47 10
74 8
66 64
56 67
67 13
69 61
9 22
59 13
32 34
40 54
71 51
58 60
66 46
68 65
27 35
54 47
60 50
46 57
35 33
51 38
15 24
34 24
62 64
25 30
67 48
65 48
49 26
62 37
39 33
11 20
54 52
40 51
66 55
67 14
69 66
56 65
71 46
59 14
41 6
42 32
3 21
29 38
69 40
7 29
33 22
56 30
66 37
39 4
53 13
17 19
73 54
50 8
76 7
5 27
60 61
11 17
41 26
64 10
38 47
27 36
19 21
65 58
13 23
39 24
50 20
23 21
51 52
54 59
60 22
48 46
47 28
54 48
56 53
58 49
19 25
42 39
29 31
67 69
39 13
54 69
43 56
56 57
37 11
41 19
55 40
50 71
52 45
65 67
61 67
62 19
36 43
50 43
23 30
51 77
37 23
64 33
55 65
61 42
6 27
40 41
58 23
31 18
