200
11 13
10 19
16 11
3 10
11 22
18 14
17 14
5 16
17 7
3 12
7 17
6 15
16 6
12 15
9 18
2 10
13 10
10 17
9 15
15 15
11 16
10 20
16 16
20 19
18 11
17 17
4 14
19 14
7 12
6 16
14 8
9 21
8 15
15 10
1 11
11 15
16 21
18 12
17 20
4 11
18 6
16 5
12 22
4 8
15 6
13 19
3 13
10 23
3 14
11 18
18 18
17 10
16 18
11 23
17 3
18 3
15 21
16 2
12 19
17 1
15 5
20 17
16 12
15 20
18 15
17 13
19 10
5 15
17 6
18 4
7 16
3 9
16 7
12 16
14 6
14 19
13 17
10 14
9 14
15 19
15 14
20 14
10 21
2 12
19 20
18 16
17 16
17 8
4 15
19 17
5 10
8 21
7 15
9 20
8 16
14 20
18 8
1 10
11 14
16 14
19 19
18 13
4 9
4 12
5 13
12 23
8 18
9 23
14 9
3 15
11 21
18 19
16 19
17 2
18 9
16 3
12 20
15 4
13 21
14 10
16 13
18 20
17 12
19 13
5 14
17 5
7 19
6 13
16 9
12 17
14 7
15 3
13 16
10 15
9 13
10 18
16 10
2 13
20 18
18 17
17 15
4 16
19 16
5 17
17 9
7 14
6 14
13 22
9 19
8 17
9 17
14 21
10 16
9 16
15 12
11 17
16 15
19 18
18 10
17 18
4 13
19 15
5 12
8 19
7 13
15 9
9 22
8 14
14 22
10 13
15 11
11 20
3 11
16 20
19 4
17 21
4 10
16 4
12 21
2 11
15 7
13 20
13 8
17 19
10 22
15 22
11 19
17 11
15 8
19 12
17 4
18 2
7 18
12 18
8 13
14 4
13 15
14 12
9 12
16 8
