1000
40 32
10 29
25 25
16 59
14 23
12 51
25 43
53 36
14 49
27 41
30 46
42 29
31 43
23 24
8 27
30 40
19 26
33 13
31 45
20 42
18 23
8 51
34 8
21 43
44 14
31 41
37 34
23 41
32 27
18 24
56 20
42 20
11 43
41 15
52 42
22 27
50 42
42 37
51 17
51 39
26 45
14 42
3 47
27 52
42 38
38 21
32 32
5 41
24 20
41 47
23 9
44 44
30 33
4 46
9 27
47 37
33 20
7 43
31 56
20 47
48 42
48 21
46 42
35 47
21 50
17 58
36 40
44 19
34 44
29 17
23 36
35 41
38 30
24 35
31 51
11 38
39 43
41 22
55 20
24 28
51 34
11 48
26 54
50 17
39 13
52 21
27 59
49 18
45 38
2 32
28 60
40 26
43 38
29 53
3 36
9 28
44 33
4 51
36 12
7 30
35 28
5 46
20 56
48 39
21 57
33 34
17 49
15 25
22 46
37 40
32 24
19 51
28 17
24 60
27 26
9 29
5 34
17 29
11 55
16 48
12 48
22 25
13 49
38 7
40 23
37 12
41 29
21 27
36 5
5 51
22 17
36 18
34 28
22 10
21 56
33 57
33 24
7 47
15 17
20 35
27 48
23 46
21 30
19 46
38 35
21 53
8 34
9 36
23 40
56 21
15 58
35 9
16 17
25 28
49 40
39 47
37 7
50 39
27 61
46 16
15 36
13 48
2 47
26 42
50 21
27 43
39 19
49 22
17 17
54 22
9 49
24 21
35 2
32 41
5 36
29 33
36 20
33 48
36 10
47 36
21 8
32 51
34 47
24 25
48 35
18 32
20 9
21 37
33 38
19 37
36 33
44 16
9 43
28 21
42 18
11 41
41 17
31 23
10 46
15 43
13 39
16 14
11 51
26 51
16 44
14 40
41 43
42 44
28 53
5 43
36 11
29 26
6 44
36 25
4 48
47 43
45 39
31 54
20 49
18 14
18 33
46 40
35 45
33 29
17 60
36 42
29 19
43 22
32 19
42 27
33 28
41 24
32 35
21 12
54 21
40 38
10 55
15 46
13 30
25 15
11 46
26 60
16 49
37 5
12 57
25 33
38 3
38 12
10 28
45 20
29 55
3 34
39 23
30 56
19 61
47 46
32 29
23 10
36 44
46 33
21 59
32 38
23 13
37 6
33 3
22 60
20 32
35 39
18 52
37 3
23 57
35 34
39 36
9 31
10 32
38 47
15 37
25 22
11 53
31 39
12 50
5 31
28 51
29 43
14 52
29 46
41 31
39 26
30 49
42 32
40 11
38 42
31 40
29 44
42 19
7 41
36 13
26 28
23 43
32 54
22 53
20 37
8 50
21 32
19 44
36 30
22 31
18 17
23 38
10 33
26 34
42 15
8 38
49 42
39 45
24 44
21 10
26 33
25 47
15 34
51 44
36 3
26 48
16 29
14 45
37 11
41 38
39 17
17 13
35 6
28 35
4 35
40 40
12 44
5 30
37 27
48 20
44 39
30 36
36 2
17 33
7 40
35 5
34 45
20 46
8 47
45 15
23 15
30 21
22 40
34 39
18 56
29 22
10 42
38 33
19 43
32 3
11 39
27 20
41 19
52 46
37 1
40 47
10 52
15 41
51 35
25 10
26 49
35 21
27 37
52 20
31 19
39 12
49 15
42 42
28 55
37 17
23 14
43 39
29 58
18 61
31 50
6 42
36 27
4 50
45 33
17 36
48 38
21 13
21 46
33 31
23 37
32 56
34 32
18 57
31 17
10 56
28 16
42 25
3 49
39 31
41 26
27 38
26 18
53 46
20 16
16 51
14 31
25 35
7 28
32 11
13 54
38 10
2 33
29 49
3 32
39 21
46 22
38 20
6 31
45 32
31 35
20 17
6 45
16 56
33 10
33 21
34 33
23 47
35 32
22 37
19 47
24 56
21 29
39 34
9 33
40 29
38 45
15 59
25 24
16 60
14 24
12 52
25 42
7 34
18 16
35 23
14 50
29 48
47 17
39 16
36 21
32 37
30 47
28 43
33 2
31 38
32 14
37 2
30 41
35 7
19 25
44 32
35 12
46 17
48 34
18 43
45 43
56 19
30 26
22 29
9 40
29 25
43 16
10 39
24 43
49 44
41 14
52 39
16 13
12 47
53 20
17 37
2 51
40 12
16 31
14 43
27 51
42 39
23 26
24 24
28 23
22 15
11 33
45 44
27 35
20 48
18 25
46 43
34 10
33 42
19 33
17 57
30 19
44 20
34 37
29 24
31 16
23 27
28 25
24 36
11 37
39 38
24 27
40 41
25 56
19 10
11 47
26 55
50 18
12 56
27 46
49 17
13 57
28 57
6 34
23 17
3 35
22 24
30 59
47 47
21 28
20 53
46 36
34 3
21 48
33 33
17 48
38 32
22 47
34 30
18 47
42 23
32 23
19 54
38 40
24 57
12 30
35 4
27 25
40 34
33 36
15 50
49 34
16 45
14 29
13 56
28 50
40 24
29 51
39 27
23 18
32 33
29 41
12 31
20 28
44 45
21 55
33 23
22 56
20 36
35 30
45 21
15 42
9 35
43 19
32 22
40 31
10 36
13 34
25 26
49 39
52 36
50 40
1 47
15 35
51 45
16 36
14 48
42 40
27 42
49 21
30 45
42 36
35 27
35 16
5 35
23 12
34 13
44 38
36 17
33 47
7 49
31 46
34 48
46 15
48 36
48 15
8 46
34 7
27 24
21 44
33 37
47 20
36 34
44 13
9 42
43 14
10 37
24 37
35 10
41 16
52 41
50 41
32 40
13 38
2 49
26 52
32 13
27 44
14 41
39 39
3 48
9 50
24 19
20 10
43 44
37 23
41 48
4 47
30 32
42 47
36 9
7 44
32 53
34 49
20 50
18 15
18 34
17 59
36 39
18 60
37 42
23 33
35 42
29 16
38 29
20 62
39 44
41 23
22 43
40 43
23 23
15 45
53 21
25 14
4 49
16 50
38 34
27 60
19 14
28 59
40 25
38 39
29 54
3 33
6 38
30 57
47 45
31 32
5 47
20 55
46 34
44 31
21 58
33 35
20 12
34 36
23 60
35 33
19 52
39 35
9 30
37 47
21 62
54 20
38 6
15 56
32 48
25 21
11 56
54 45
21 39
50 45
17 16
28 52
40 18
14 53
29 45
30 50
35 13
32 39
37 19
48 47
8 36
34 26
22 9
36 14
33 58
5 44
35 3
7 48
19 27
24 26
12 43
21 31
47 15
22 32
9 37
43 17
54 46
10 34
42 16
36 32
35 20
52 38
25 46
15 33
37 20
16 30
3 51
49 23
24 34
19 16
31 42
43 31
37 26
37 33
44 40
36 19
17 32
21 17
35 8
20 43
18 31
30 43
34 5
33 39
19 38
7 31
44 15
18 13
41 12
29 21
23 32
19 28
10 43
28 24
42 17
41 27
8 37
11 42
27 19
41 18
21 11
16 25
10 45
13 40
11 52
16 43
55 22
14 39
29 52
3 46
27 47
17 14
42 43
43 42
29 57
16 24
6 43
42 45
47 44
43 13
31 59
5 50
20 52
48 43
46 39
35 46
33 30
23 16
6 32
29 20
35 40
35 31
19 55
38 43
35 44
41 25
26 19
13 31
25 16
49 45
16 52
14 32
32 20
36 26
25 34
16 32
13 53
38 11
2 34
40 27
29 56
27 36
19 62
26 46
32 30
46 32
34 23
34 27
21 60
33 53
31 53
34 34
8 28
23 58
32 28
19 50
27 21
9 32
40 30
10 31
38 46
24 41
14 25
21 9
12 49
36 23
25 41
15 32
29 47
41 32
39 15
17 15
46 21
30 48
42 31
28 44
35 17
37 13
34 16
30 42
17 12
33 11
17 43
7 46
35 11
30 17
48 14
8 49
55 21
5 32
24 46
22 30
16 26
43 15
38 19
10 40
42 14
49 43
41 13
52 40
4 34
51 19
13 43
26 47
31 36
32 17
22 33
39 18
13 24
24 18
38 23
6 36
23 25
34 17
22 16
30 35
33 51
28 27
32 50
18 26
8 42
34 11
7 38
21 40
33 41
43 20
17 56
30 20
22 39
34 38
18 55
29 23
23 30
35 43
28 26
24 33
3 52
24 9
11 40
41 20
42 24
52 45
16 28
26 16
40 28
53 40
9 55
51 36
26 56
50 19
52 19
12 53
27 45
49 16
25 29
24 15
43 40
29 59
50 34
17 26
6 41
30 60
7 42
11 34
47 42
47 21
7 32
32 57
20 54
48 37
21 47
33 32
17 47
22 48
34 31
23 53
32 18
22 38
19 53
22 11
24 58
41 28
24 10
40 39
53 47
25 18
49 47
26 57
14 30
12 46
37 32
13 55
38 9
26 35
35 26
14 34
29 50
32 16
36 22
30 53
28 37
32 36
20 59
8 32
22 12
21 54
33 22
38 31
22 57
20 33
16 35
42 22
19 48
24 55
6 46
9 34
