2000
46 67
103 66
57 38
90 41
45 38
23 76
32 73
50 78
31 6
49 75
4 27
80 89
17 25
60 44
34 71
63 80
73 88
74 94
102 96
94 29
83 88
22 24
84 39
123 52
89 88
92 47
73 91
74 49
48 24
105 45
95 58
60 32
91 90
37 30
104 66
50 22
133 42
107 95
44 68
21 6
13 25
84 91
127 52
106 76
78 37
37 69
56 87
15 19
35 71
90 32
71 50
110 103
80 42
72 87
66 41
47 29
17 26
88 42
26 83
91 55
65 44
50 77
33 19
19 16
90 52
62 45
120 48
41 67
52 87
35 25
21 14
105 46
95 51
130 46
67 79
50 33
38 3
27 21
13 18
49 68
58 84
26 22
56 78
57 84
94 91
44 74
75 84
54 37
110 94
102 59
31 25
80 49
35 82
28 6
7 20
26 74
82 47
74 80
113 43
103 92
50 84
51 82
27 78
110 42
93 50
103 86
128 55
100 88
48 38
38 29
105 39
95 48
101 86
104 64
50 40
24 15
62 32
32 79
97 35
57 77
113 40
23 24
28 27
58 75
50 44
93 48
44 38
27 70
101 39
68 91
97 79
78 43
24 70
108 59
56 33
46 40
16 19
21 10
59 44
107 38
114 59
29 19
75 81
58 31
31 66
89 91
53 85
109 40
112 43
34 36
20 23
33 73
25 9
26 79
68 77
65 84
36 30
52 33
126 52
36 3
57 78
103 38
81 88
89 40
44 37
36 82
47 72
105 93
106 78
60 80
16 26
103 42
107 47
110 60
5 28
23 14
89 52
61 43
53 78
109 49
46 75
29 82
85 96
117 49
73 48
54 74
51 85
24 29
38 68
23 32
93 88
49 23
80 87
43 77
100 58
34 83
81 97
82 89
104 90
59 77
79 38
111 50
43 25
108 81
65 40
55 33
20 68
77 48
42 68
45 23
75 95
89 45
109 42
92 50
46 41
114 103
78 89
34 22
28 5
16 20
54 85
69 88
102 75
85 33
59 38
33 27
129 47
21 69
35 65
42 73
80 94
92 39
100 57
59 75
131 53
105 70
77 37
81 98
34 3
106 41
35 64
61 76
55 38
103 64
116 40
63 86
58 72
39 74
89 46
109 51
40 63
114 46
30 6
93 42
73 90
33 36
129 56
22 10
93 58
49 41
24 30
97 63
52 42
44 75
100 80
38 69
105 63
51 27
25 16
37 7
104 88
19 23
79 97
32 76
88 36
108 95
100 36
46 68
103 73
77 50
71 48
45 41
102 42
79 48
21 68
4 32
114 57
39 28
102 93
116 51
72 44
37 72
21 24
48 21
24 7
86 34
94 60
99 58
82 98
37 33
102 41
67 85
133 45
107 90
44 73
73 81
101 68
106 81
69 91
52 25
109 84
46 71
106 93
51 44
24 6
45 34
110 104
80 39
72 84
48 80
82 41
74 90
99 59
116 45
19 15
120 45
84 35
39 36
64 83
128 45
21 17
48 28
122 51
77 83
102 40
46 79
76 39
24 21
70 89
71 81
27 16
13 21
69 84
56 75
49 84
33 5
86 89
33 75
110 91
111 103
76 43
53 43
28 70
40 36
17 30
88 46
78 53
108 57
82 48
74 85
111 60
103 91
18 15
98 79
90 48
7 21
32 65
58 41
32 32
52 83
27 9
92 58
38 22
96 61
130 42
68 83
71 86
27 25
49 72
39 65
32 62
52 39
63 82
21 77
99 36
54 41
76 50
115 41
80 53
70 44
44 27
40 27
20 72
91 32
22 70
59 43
42 37
25 82
90 43
27 82
68 87
93 30
58 32
32 39
18 14
29 7
39 69
101 94
38 33
95 44
31 73
90 90
130 53
111 41
63 77
124 47
98 58
102 88
101 47
132 47
101 58
81 83
102 70
19 19
70 47
44 34
101 35
47 71
45 78
78 47
91 41
16 23
59 48
51 79
107 42
99 89
112 95
93 39
115 42
100 75
83 37
114 97
95 37
20 19
81 35
31 79
79 89
36 26
100 63
112 99
95 89
5 27
92 91
115 98
48 81
84 88
60 76
3 22
56 44
46 31
16 30
99 78
64 44
60 75
112 102
67 41
35 63
111 104
53 74
109 45
92 55
50 81
40 69
77 84
92 44
91 58
54 78
102 76
29 6
83 46
116 98
39 70
129 42
49 27
39 3
80 91
105 73
25 71
23 23
34 4
59 81
75 50
28 7
60 83
61 79
73 47
6 28
62 74
62 77
22 78
112 45
58 45
88 49
18 27
92 30
66 45
30 79
73 93
63 42
102 79
94 48
72 50
49 36
66 81
106 39
80 98
96 37
51 38
28 20
104 85
24 68
53 40
83 92
105 75
106 91
93 87
43 34
108 84
6 31
77 53
25 81
45 28
28 72
114 48
47 38
31 5
60 46
34 61
108 40
73 94
60 72
102 86
94 35
85 93
107 94
116 56
83 89
36 71
22 14
35 26
8 20
86 31
92 87
37 3
31 21
63 81
133 48
98 34
53 33
101 71
27 17
88 40
52 22
85 91
71 44
82 50
112 59
102 46
41 21
29 8
83 49
48 77
17 24
88 33
96 64
108 47
29 68
102 97
85 47
68 45
116 47
72 48
23 12
23 25
93 47
39 35
128 42
65 83
48 25
122 52
86 38
11 22
37 29
104 67
50 23
133 41
10 21
70 82
44 69
127 51
13 24
84 92
93 44
12 23
88 31
52 21
20 71
86 88
44 81
75 85
64 40
110 92
76 48
41 22
31 27
72 88
44 25
67 80
97 34
47 28
7 22
26 80
82 37
65 43
79 95
33 18
105 65
90 53
64 84
120 49
93 56
41 66
88 90
27 7
105 37
95 50
125 50
92 48
37 22
104 58
67 78
116 53
24 25
70 93
27 20
79 91
49 67
106 62
26 23
56 79
36 68
33 79
99 35
22 19
110 95
31 24
93 49
70 41
32 78
26 75
82 44
74 81
42 38
90 44
48 66
27 81
110 43
93 33
52 79
128 56
83 41
48 39
105 38
95 43
104 65
68 79
65 85
82 35
39 61
106 63
116 39
105 74
113 39
106 88
34 78
102 67
70 48
35 74
101 38
97 78
78 48
108 60
55 42
113 51
59 47
75 80
23 69
115 57
89 90
53 84
118 50
46 74
95 40
34 37
20 24
26 7
121 52
104 56
94 59
115 102
101 43
49 21
132 43
39 1
126 53
100 68
30 66
103 41
81 87
45 73
102 80
23 68
40 22
60 81
75 82
16 27
103 45
42 24
99 77
110 61
93 35
76 81
89 51
53 77
109 48
101 83
55 43
117 48
113 52
69 89
124 50
79 85
36 22
75 37
92 38
12 19
25 21
35 60
22 74
89 32
114 43
36 74
83 98
75 49
43 24
65 39
55 32
77 47
62 86
45 22
110 84
75 94
67 44
32 25
18 28
89 44
73 85
101 76
40 73
30 80
78 86
34 23
121 46
104 38
85 32
23 79
105 61
23 78
97 61
80 95
61 39
126 47
20 70
131 52
96 34
77 36
51 37
82 97
45 75
28 25
30 75
107 79
32 75
83 91
49 43
105 86
106 92
61 75
109 81
103 59
116 41
54 42
112 49
58 73
32 64
109 50
109 103
117 56
30 67
48 82
134 42
55 77
102 83
103 79
33 35
62 82
119 48
49 40
123 45
97 62
104 55
28 82
38 66
105 62
25 15
99 68
46 82
104 89
53 36
84 98
105 79
30 23
38 70
46 69
29 27
103 72
27 79
45 40
28 68
102 43
103 84
79 43
37 70
48 74
47 34
114 54
34 73
101 80
91 44
100 38
102 90
116 52
79 96
120 55
123 50
44 83
21 23
24 8
6 32
11 21
37 32
102 38
67 84
133 44
107 93
72 41
27 10
100 67
64 87
117 45
107 60
69 90
26 65
41 68
74 39
35 78
106 82
90 34
70 80
110 105
115 97
24 75
80 40
72 85
44 22
4 24
92 88
47 27
35 22
78 91
91 53
68 84
103 85
68 41
116 43
124 53
92 90
120 46
93 43
32 26
26 72
100 95
74 42
66 79
95 57
130 48
104 71
67 77
24 22
38 5
70 86
71 80
27 19
101 60
106 73
78 38
26 24
56 76
33 4
98 89
33 74
90 29
45 42
110 96
111 102
76 44
31 23
53 42
40 37
85 90
82 49
74 82
113 45
103 90
85 43
33 22
34 62
64 88
110 44
58 38
41 70
52 84
128 53
42 64
48 36
96 62
115 50
22 69
130 43
104 62
50 26
98 64
71 89
27 24
23 74
39 64
52 40
101 59
57 87
33 83
54 38
102 68
115 40
70 45
44 28
27 68
57 72
93 40
45 79
32 9
3 27
56 31
16 17
59 42
98 87
23 11
32 40
115 52
52 75
53 87
118 47
101 93
113 95
95 39
34 38
113 99
19 13
109 41
115 101
98 59
101 46
132 48
94 90
66 78
112 98
57 80
94 87
75 86
110 106
111 92
89 34
115 99
44 35
101 34
47 70
60 78
46 29
16 24
25 74
33 72
99 88
112 96
93 38
115 45
87 52
111 105
100 76
83 36
69 45
20 20
73 42
71 93
37 68
37 6
59 31
31 78
39 71
36 27
23 26
49 25
87 40
61 33
100 64
95 88
45 81
23 22
14 22
22 9
84 41
37 71
44 42
84 89
20 14
60 77
43 23
55 31
99 81
64 45
45 25
112 103
75 93
32 22
109 44
92 56
40 70
95 29
54 79
121 49
42 72
31 80
82 46
75 41
39 23
39 2
80 92
48 69
131 51
105 72
77 39
81 100
63 40
14 17
95 60
59 80
107 74
27 27
30 24
60 84
61 78
6 29
77 43
116 38
81 48
71 41
112 46
58 42
89 48
30 68
66 42
31 7
86 49
85 94
34 19
54 86
111 47
42 67
112 42
26 9
80 99
35 36
100 46
38 63
119 45
86 29
25 10
90 88
82 93
104 86
63 78
24 69
107 83
104 41
83 95
114 39
88 34
43 37
108 85
103 71
77 52
112 53
102 44
76 91
41 27
96 38
72 91
4 30
46 39
31 4
106 74
91 43
111 44
94 40
33 39
116 57
72 42
36 72
23 15
123 49
100 45
65 81
131 49
8 21
86 36
42 77
125 47
37 2
104 77
67 83
17 19
53 32
35 4
4 31
47 74
106 83
52 23
26 66
74 40
103 68
84 47
36 4
45 36
112 60
111 84
116 54
72 82
92 37
48 78
114 50
97 90
78 92
25 80
108 48
91 48
94 27
116 48
72 49
36 63
119 53
93 46
128 43
21 19
74 47
29 70
86 39
99 65
46 81
104 68
98 90
52 80
127 50
13 23
84 93
88 32
105 41
109 95
25 75
36 67
54 32
110 93
76 49
31 26
72 89
66 39
49 77
57 42
26 81
82 34
65 42
33 25
98 81
90 50
62 43
27 75
93 55
41 73
88 91
21 12
48 33
96 59
34 32
52 72
130 44
104 59
67 81
24 10
29 67
70 90
62 39
91 57
93 91
63 74
109 104
56 80
33 8
51 72
24 9
99 34
54 35
31 19
72 80
2 23
36 70
49 78
101 77
82 45
59 73
91 31
19 27
39 68
27 80
40 72
93 32
87 42
64 85
118 48
48 40
38 27
30 27
50 38
23 19
84 32
12 22
22 12
52 36
57 75
10 22
34 79
81 85
31 76
50 42
101 37
127 54
108 61
46 38
113 50
85 89
59 46
99 87
3 26
84 46
67 46
115 56
87 51
35 80
100 81
83 35
38 34
95 35
28 9
20 25
73 45
121 51
104 57
21 8
49 20
132 44
87 39
126 50
36 5
103 40
95 87
56 85
81 86
73 41
17 15
53 24
105 91
60 74
56 42
46 33
16 28
103 44
126 46
81 34
64 42
110 58
5 26
18 18
89 50
53 76
109 47
83 40
69 41
20 16
91 88
37 64
24 31
111 45
23 30
75 36
106 46
87 36
126 45
12 20
118 52
105 67
81 95
82 87
63 39
59 79
1 23
79 40
39 63
75 48
105 84
61 81
6 22
86 91
66 87
79 92
62 87
45 21
110 85
5 19
41 37
32 66
30 81
86 42
78 87
34 20
54 83
55 79
102 81
85 31
33 33
29 81
129 53
97 60
44 78
112 101
48 73
38 64
96 35
51 36
82 94
45 74
104 83
59 84
24 66
107 78
79 41
35 62
49 42
32 7
61 74
67 43
6 33
19 71
62 78
63 88
112 50
41 38
94 30
50 79
40 65
31 3
134 43
111 43
103 78
19 14
33 34
115 39
33 65
39 72
129 54
110 40
49 39
44 77
131 44
86 33
6 27
37 5
78 85
46 83
102 36
84 36
53 35
13 17
47 81
105 78
107 61
26 71
41 69
29 26
103 67
90 40
71 42
45 39
28 69
32 72
44 70
79 42
4 26
48 75
88 50
60 43
34 70
84 45
21 16
102 91
94 28
68 43
19 24
124 52
91 30
119 56
84 38
41 75
35 33
74 48
95 59
60 31
37 31
102 39
67 87
50 25
133 43
107 92
70 84
21 7
35 8
84 90
78 36
51 84
110 102
41 24
24 76
72 86
44 23
4 25
66 40
35 81
26 82
74 88
46 25
85 42
33 20
34 65
62 44
110 50
84 37
32 27
128 47
100 96
46 80
38 21
41 71
130 49
104 72
76 41
45 37
24 23
62 40
13 19
49 69
28 78
69 82
56 77
100 82
15 17
42 65
54 36
102 58
76 45
66 82
31 22
80 48
53 73
49 81
88 48
78 51
108 51
91 29
69 83
51 83
23 10
110 45
58 39
32 34
87 49
128 54
118 45
48 37
38 28
96 63
95 49
23 77
104 63
50 27
24 14
98 65
71 88
49 70
132 50
97 36
52 41
26 16
28 77
57 86
33 82
34 80
28 26
102 69
58 74
70 42
29 80
27 71
49 82
108 58
91 34
113 53
59 45
42 35
107 39
60 82
67 45
103 89
89 92
61 80
35 68
100 78
101 92
100 77
38 31
95 38
34 39
94 61
50 34
115 100
101 45
132 49
9 21
52 73
100 66
57 79
103 39
95 90
25 70
81 89
84 40
44 36
47 73
60 79
33 71
49 74
113 54
103 43
42 26
107 44
81 37
112 97
93 37
94 88
61 44
53 79
21 26
101 85
114 95
20 21
104 45
85 41
24 28
98 67
23 27
49 24
61 32
45 83
100 65
106 86
34 82
82 88
14 23
95 61
59 74
36 80
75 47
26 73
43 22
92 53
3 24
65 41
99 62
6 19
66 44
81 38
5 22
32 23
87 92
109 43
57 37
40 71
114 102
77 82
85 95
103 75
54 84
102 74
33 28
39 22
106 42
43 83
48 70
131 50
105 71
77 38
45 77
34 2
39 75
59 83
96 90
75 52
105 88
32 4
60 85
61 77
55 39
103 65
107 58
2 26
71 40
45 33
58 43
57 85
19 25
66 43
40 62
114 49
77 91
60 73
134 44
72 93
54 87
111 46
25 66
33 37
129 57
23 13
93 59
49 34
31 67
97 64
80 100
83 45
131 43
105 64
51 40
46 84
104 87
97 59
17 20
83 94
104 39
88 35
43 36
108 94
103 70
77 51
78 84
5 33
45 26
112 54
102 45
76 92
41 26
79 49
109 61
83 42
57 31
31 68
20 26
73 84
55 88
102 92
103 74
116 50
119 55
123 48
58 86
28 8
118 51
131 48
105 57
86 37
51 33
11 19
37 34
104 78
67 82
133 46
107 91
70 81
32 77
35 7
47 77
52 24
25 76
74 41
15 23
21 9
117 41
45 35
23 75
80 38
4 22
47 33
48 84
78 93
108 49
82 40
99 80
102 95
103 83
68 39
116 49
36 64
119 52
93 45
48 27
122 50
105 42
75 92
37 27
50 21
24 20
127 53
13 22
106 75
109 94
56 74
43 75
32 8
33 76
71 90
90 31
54 33
76 42
111 95
49 76
114 58
78 52
26 78
91 56
56 38
111 61
106 45
98 80
98 78
90 51
64 86
27 74
90 87
84 33
41 72
88 92
48 34
96 60
95 52
34 33
78 88
76 37
24 11
38 6
70 91
27 22
109 106
49 73
39 62
26 21
23 20
63 83
80 52
72 81
44 26
27 66
40 26
31 75
82 42
74 79
16 15
50 83
42 36
19 26
90 42
44 71
50 82
110 49
93 31
41 65
30 5
118 49
101 95
66 83
29 77
99 46
130 52
22 77
50 39
124 46
119 49
62 31
36 34
92 51
132 46
106 61
87 33
23 9
36 7
57 74
25 73
81 84
50 43
70 46
101 36
130 47
31 20
55 44
29 69
99 86
68 88
5 32
40 75
115 43
87 50
118 56
101 88
38 35
114 96
95 34
69 47
20 18
73 44
121 50
55 87
124 45
98 68
111 42
23 28
76 84
132 45
80 83
43 73
126 51
100 62
51 25
73 40
45 71
14 24
29 75
75 42
47 69
105 90
96 91
43 21
3 23
46 30
16 29
6 20
42 22
107 48
64 43
22 17
110 59
5 25
127 45
18 19
87 91
53 75
101 81
69 40
20 17
39 27
99 76
85 37
24 32
49 28
106 47
80 90
43 78
12 21
112 100
48 67
77 41
93 34
81 94
75 51
105 83
115 49
43 26
6 23
113 59
107 57
54 73
112 44
5 18
76 82
18 26
83 32
68 40
86 43
34 21
101 82
63 43
55 78
94 43
33 32
39 73
72 90
80 50
106 38
80 97
35 34
38 65
96 36
51 39
63 31
28 19
104 84
20 69
24 67
107 81
53 41
83 93
117 47
106 90
43 35
108 83
106 44
6 30
62 75
45 29
28 71
58 71
63 87
79 52
114 45
34 60
108 39
73 95
100 94
102 89
94 34
34 74
116 55
42 69
120 50
110 41
32 63
123 47
131 47
86 30
51 28
125 49
102 37
102 71
13 16
57 39
47 80
26 68
61 82
108 90
