200
15 10
7 18
16 13
23 14
10 13
8 21
4 10
12 19
11 23
9 3
14 20
9 6
12 24
16 21
15 13
20 13
6 14
5 8
6 8
7 23
18 19
3 9
13 3
11 17
14 9
12 14
11 11
15 23
14 15
13 19
19 15
17 10
7 10
9 11
10 12
5 9
13 4
8 14
15 4
12 9
17 14
11 10
22 10
11 14
7 4
14 14
10 4
10 11
16 5
17 12
20 10
5 12
15 6
12 22
19 9
9 17
8 17
11 4
23 13
11 7
9 4
14 10
9 10
5 21
20 17
16 8
17 8
16 14
5 15
7 19
18 15
19 6
13 10
14 6
3 10
11 1
12 7
12 11
12 18
14 19
13 15
12 23
7 14
18 10
15 14
21 9
16 12
17 17
13 11
21 17
18 14
10 15
3 7
11 18
10 17
12 13
11 21
14 7
13 20
19 16
7 11
2 9
5 10
9 21
8 13
7 21
10 24
11 12
11 15
12 16
18 7
15 21
13 21
5 14
17 15
19 10
10 18
8 16
4 20
12 12
11 8
14 23
8 18
17 5
6 12
1 9
7 20
16 4
10 23
10 19
10 8
11 2
6 11
11 5
22 13
14 22
13 16
13 14
10 5
4 15
15 15
21 10
16 10
17 18
6 10
7 17
4 12
17 21
12 4
8 5
8 22
3 8
19 7
12 20
9 5
19 17
15 20
20 14
17 19
22 15
7 22
8 9
5 20
11 16
12 6
12 15
15 22
8 10
13 22
19 14
15 17
7 16
17 16
22 14
8 15
12 10
11 9
11 13
10 3
6 20
8 20
20 12
21 14
15 5
7 5
14 8
11 3
12 5
22 12
16 15
14 21
13 13
12 21
8 4
15 16
20 18
16 9
17 7
6 9
21 15
