2000
55 157
53 46
54 47
50 133
46 120
56 143
51 130
46 24
48 143
17 13
23 13
49 100
45 161
42 132
56 59
40 76
35 20
52 62
51 78
19 19
44 158
51 39
50 72
49 48
54 160
20 12
43 16
51 159
50 45
48 74
46 29
44 77
49 161
48 34
53 137
51 44
50 156
46 99
51 139
47 140
49 130
44 129
23 10
21 22
58 160
56 39
54 111
71 167
47 29
56 162
18 9
43 120
69 161
83 170
66 164
80 167
44 149
6 4
55 58
45 78
53 33
77 165
48 27
78 160
47 100
42 18
46 106
51 112
59 47
47 117
48 157
46 27
12 4
44 18
58 57
45 115
16 12
47 26
46 150
46 33
60 69
28 18
43 113
13 13
54 52
66 159
70 159
50 90
48 89
54 146
53 42
42 154
41 18
48 88
56 85
18 20
52 144
79 171
39 78
40 152
75 164
51 143
52 145
42 77
49 30
46 109
54 142
52 39
33 19
30 16
47 114
48 148
15 14
52 132
15 17
49 143
2 7
45 140
59 57
52 137
42 81
58 67
46 153
56 144
24 19
43 118
51 101
13 6
19 12
42 25
8 7
50 85
49 91
81 174
64 156
68 156
48 95
9 2
44 26
52 159
5 7
40 159
53 164
16 7
46 84
26 19
52 46
37 17
47 123
44 110
52 131
53 57
39 155
49 128
48 84
54 80
62 157
54 43
41 80
38 23
46 128
9 5
52 82
51 106
22 10
44 162
84 172
50 108
49 92
81 167
45 153
68 155
48 86
56 67
10 4
52 70
47 83
50 86
41 77
58 54
46 95
45 109
27 11
15 9
40 21
48 162
44 101
52 138
21 10
83 174
53 81
59 163
46 139
45 33
26 14
43 132
60 62
22 13
32 20
47 148
48 126
41 79
44 121
70 160
84 171
49 85
45 146
71 159
42 119
68 162
47 37
48 109
65 161
43 144
20 21
55 154
11 7
17 9
41 150
76 166
55 41
54 115
28 13
52 113
43 146
56 38
49 146
53 90
72 162
50 143
54 159
46 114
36 17
26 9
53 45
51 88
13 17
48 160
48 117
44 112
12 11
49 110
49 96
54 62
42 126
82 172
47 34
55 145
56 49
52 136
51 68
31 15
41 121
64 161
53 159
41 159
55 38
47 161
24 20
48 48
16 15
46 26
43 101
31 19
42 31
53 131
51 34
50 134
54 85
46 117
78 164
51 129
54 113
11 6
48 140
20 13
44 143
65 156
58 58
49 49
54 49
41 127
42 121
82 167
49 90
46 161
56 56
35 19
52 51
51 77
49 47
11 10
40 123
24 15
80 173
42 29
50 77
48 31
51 114
43 31
51 154
50 46
27 16
53 140
19 21
52 95
50 129
48 38
60 60
51 134
47 131
55 54
27 12
32 18
54 139
33 21
45 125
53 48
85 171
42 128
46 38
57 41
56 63
41 161
69 164
83 169
40 130
80 164
44 154
53 135
67 158
53 36
54 34
43 20
42 148
77 168
48 78
15 16
45 29
40 160
41 132
42 71
46 103
25 11
60 162
15 13
55 111
42 32
44 93
51 137
21 18
14 16
45 118
71 163
47 25
46 147
45 25
43 124
83 175
29 22
66 160
44 145
10 9
50 95
49 77
45 74
64 162
42 159
50 32
57 48
50 100
79 164
39 77
47 96
75 163
11 3
42 78
46 110
45 94
73 165
52 36
51 116
67 163
48 145
44 84
52 67
49 138
45 143
42 82
38 25
46 154
47 122
61 67
20 20
13 9
40 80
66 155
19 11
8 4
59 65
49 70
81 169
43 34
43 117
41 22
48 92
16 18
18 16
44 31
52 140
56 37
5 3
48 37
14 13
42 73
14 18
28 19
26 20
52 35
30 20
40 75
49 135
15 10
50 41
49 131
46 28
54 93
62 158
50 126
46 157
79 160
52 87
60 68
22 23
57 61
38 159
14 7
50 81
49 95
29 14
54 73
41 123
42 161
48 83
56 64
9 6
44 22
52 155
42 30
53 94
47 86
42 17
53 160
37 77
54 133
52 42
40 18
61 164
49 132
45 129
53 84
19 17
11 11
43 142
41 17
46 132
56 155
60 64
43 131
60 67
32 17
57 160
44 126
84 168
59 63
49 80
45 149
68 167
46 34
57 49
54 45
50 48
43 159
47 95
49 32
40 25
55 83
74 165
59 158
49 157
53 93
59 165
50 112
46 143
36 22
26 10
51 87
47 144
55 71
51 51
44 117
70 164
50 99
58 52
54 59
42 115
48 50
57 58
65 165
17 11
52 73
51 67
26 11
81 177
41 154
76 162
46 74
45 98
51 144
79 174
31 22
49 150
43 150
53 134
72 166
54 46
46 118
9 10
51 92
47 153
55 60
7 6
44 140
50 39
43 154
58 63
54 50
53 74
10 7
42 122
82 168
46 162
56 53
44 35
52 48
51 72
45 22
26 21
25 22
80 170
36 20
47 84
50 78
58 53
18 14
43 26
52 108
52 164
48 33
53 143
51 38
50 130
46 121
29 19
51 133
39 19
55 53
1 6
50 161
17 12
23 12
84 176
54 53
53 51
56 47
42 133
82 175
47 23
56 60
18 15
43 162
69 167
47 74
57 57
44 159
6 2
54 37
50 73
48 142
54 161
53 39
43 19
51 158
10 3
48 75
27 20
52 163
52 74
49 160
14 12
42 21
53 136
48 24
51 47
50 157
46 96
63 162
40 22
51 138
47 143
55 50
35 21
44 130
21 21
58 161
58 56
45 121
71 166
16 11
46 20
47 28
56 163
51 105
52 102
69 160
83 173
66 165
52 105
44 150
6 5
67 162
57 67
45 77
53 32
77 164
49 72
79 161
49 36
85 176
62 68
43 77
50 148
46 107
78 171
11 8
60 158
47 116
48 158
15 15
12 5
49 117
47 109
45 114
59 70
58 66
46 151
45 21
52 109
13 12
29 18
66 156
42 24
8 1
4 4
50 91
59 66
53 41
43 33
42 155
45 32
57 66
44 28
43 76
79 168
47 108
75 167
58 84
42 74
49 29
54 143
73 169
34 20
33 18
30 17
45 119
48 149
44 80
52 133
71 160
45 91
49 142
37 20
54 94
54 42
57 164
55 155
46 158
56 145
86 172
52 84
51 100
22 16
67 155
19 15
8 8
4 3
50 82
58 71
81 173
43 125
45 159
64 157
42 162
68 157
9 1
44 27
5 6
47 85
53 163
50 110
41 75
23 21
46 85
54 134
26 16
52 47
51 161
40 79
44 111
43 81
55 51
57 63
45 132
38 20
46 129
28 17
52 83
51 109
22 11
43 85
57 163
44 163
84 173
50 109
49 83
81 166
45 152
68 164
48 87
56 68
42 125
47 36
52 71
53 111
45 80
47 82
48 110
11 4
54 33
41 76
55 63
46 92
45 108
41 115
67 164
74 166
44 102
61 160
43 147
17 10
53 80
59 162
54 158
56 159
26 15
52 90
51 82
32 21
20 22
48 127
44 122
70 161
59 51
49 84
49 97
14 11
45 145
53 68
52 107
68 163
54 67
57 53
65 160
52 143
5 8
47 91
25 23
41 129
10 6
76 167
55 113
55 40
45 101
6 6
55 143
43 111
31 21
49 145
53 89
72 163
46 23
48 107
54 84
46 115
42 16
51 91
13 16
54 112
47 156
52 104
53 107
44 113
56 54
52 101
54 63
53 77
49 73
52 50
82 173
58 70
57 62
56 50
44 32
81 175
17 7
51 75
53 158
52 68
41 158
48 30
11 9
43 25
24 21
45 36
28 14
48 49
43 100
31 18
53 130
10 5
52 94
50 135
46 122
51 110
52 114
51 128
39 22
47 133
55 56
20 14
7 2
17 15
71 164
58 59
57 68
54 54
48 123
57 39
56 57
35 18
43 161
51 76
3 6
47 73
80 174
44 156
25 24
50 74
49 50
54 162
43 30
51 157
83 176
48 72
27 19
52 160
45 30
37 21
47 106
50 104
51 42
50 158
46 125
63 161
60 164
47 130
57 159
27 15
78 176
58 162
46 30
45 124
53 63
42 129
36 18
56 160
18 11
52 59
69 163
83 168
40 131
66 166
80 165
44 155
10 8
56 40
50 69
49 75
53 35
43 23
42 149
77 167
57 84
79 162
57 56
55 159
53 116
57 51
48 118
46 100
54 77
73 163
60 47
60 163
43 82
49 74
48 155
16 13
44 94
21 17
45 117
71 162
47 24
46 144
45 24
40 78
43 127
48 132
29 21
66 161
44 146
16 17
50 92
49 76
49 109
54 156
64 163
43 114
50 33
48 70
56 83
43 75
79 165
39 76
47 99
75 162
48 36
42 79
50 144
46 111
45 93
73 164
52 37
30 18
47 112
48 146
44 85
42 127
14 17
49 137
45 142
79 163
61 66
51 99
14 14
55 144
19 10
41 130
50 87
55 52
81 168
41 21
57 70
18 17
44 24
82 176
48 101
40 157
51 71
46 22
48 106
12 9
40 74
52 44
30 21
47 121
52 129
58 159
28 20
62 159
16 14
50 127
38 17
46 130
52 78
52 80
51 104
22 20
59 69
44 160
53 50
41 131
49 94
48 91
16 9
55 161
56 65
50 51
44 23
43 153
5 2
38 78
25 20
50 162
46 89
45 111
52 43
40 19
55 85
72 159
61 163
37 19
40 155
45 128
53 83
42 101
59 161
58 65
46 133
45 35
43 130
51 81
48 100
55 73
51 48
44 127
70 162
84 169
59 62
49 87
45 148
53 71
68 160
78 172
55 158
65 163
57 161
43 158
51 31
47 94
58 48
76 164
55 47
45 104
34 19
50 30
43 116
55 82
43 123
49 156
55 163
20 17
53 92
72 160
54 41
50 113
46 140
43 149
51 86
47 147
48 115
7 9
7 8
44 118
70 165
43 155
59 55
49 104
54 56
82 174
47 32
48 98
65 164
38 160
43 151
51 66
45 23
47 71
53 145
81 176
51 37
76 163
49 105
55 36
24 18
7 1
43 99
31 17
49 149
46 21
48 32
53 133
72 167
51 32
59 159
50 136
46 119
63 159
51 95
39 21
47 152
48 138
50 160
44 141
16 16
23 22
58 60
54 51
53 73
42 123
82 169
65 157
47 33
52 49
69 157
3 5
47 76
48 97
80 171
6 8
54 36
50 79
48 141
17 18
43 29
52 165
43 148
42 20
53 142
51 41
50 131
46 126
53 43
51 132
39 18
47 129
48 129
27 10
44 132
49 33
49 102
45 127
71 168
85 173
42 130
47 22
56 61
18 12
35 22
61 161
69 166
83 167
40 128
80 162
44 152
6 3
49 106
50 70
67 156
45 151
53 38
43 18
42 150
50 43
48 76
49 37
51 141
25 16
51 46
46 97
55 37
60 160
47 142
14 6
52 154
20 15
44 131
21 20
49 115
45 120
71 161
14 15
49 88
53 47
45 27
18 7
43 122
81 163
83 172
66 162
44 151
67 165
45 76
64 160
77 163
41 24
56 80
79 166
47 102
54 35
53 112
80 175
52 89
46 104
51 83
60 159
47 119
48 159
53 59
12 6
45 113
46 36
35 17
46 148
45 20
39 25
43 115
51 62
13 11
29 17
66 157
19 9
8 2
43 71
4 5
50 88
81 171
54 144
53 40
47 31
43 32
42 152
41 16
48 90
44 29
52 146
79 169
23 19
47 111
75 166
17 16
51 33
42 75
54 140
73 168
52 33
33 17
30 22
50 83
48 150
44 81
52 134
49 141
2 5
54 95
53 109
53 69
41 128
38 18
46 159
52 85
22 17
47 160
28 12
19 14
50 164
8 9
28 22
41 126
49 89
81 172
45 158
64 158
68 158
30 13
48 81
46 91
44 20
5 5
38 75
57 54
11 5
53 162
24 10
41 74
48 137
46 90
54 135
52 40
51 160
49 79
52 141
52 77
21 15
49 134
54 86
53 139
38 21
48 28
43 129
51 108
57 162
44 124
84 175
50 106
49 82
81 165
39 23
54 66
68 165
48 104
56 69
9 9
43 157
50 35
47 93
48 39
49 46
46 93
14 8
40 23
61 159
49 159
53 95
50 114
78 166
46 31
26 12
52 91
51 85
45 102
47 150
48 112
44 123
70 166
65 158
50 101
49 107
46 37
29 12
45 144
59 67
42 117
47 39
48 111
54 38
10 2
52 79
42 22
47 90
69 158
49 39
45 100
55 142
52 115
31 20
49 144
49 127
72 164
43 128
50 141
58 46
46 112
36 19
55 49
60 55
39 24
47 159
48 119
7 4
44 114
71 165
49 108
48 94
54 60
53 76
73 167
42 124
41 25
82 170
48 102
56 51
9 3
44 33
51 70
45 28
80 168
53 157
41 157
79 173
43 24
24 22
55 135
45 31
39 160
37 16
40 158
50 107
51 36
50 132
49 81
46 123
51 131
39 17
47 132
55 59
27 9
17 14
23 18
53 165
49 101
79 172
54 55
53 53
82 165
47 21
56 58
51 140
43 160
51 79
17 17
10 1
44 157
10 11
50 75
50 105
60 53
43 17
51 156
50 44
48 73
27 18
44 76
49 162
57 50
47 157
53 138
51 45
50 159
46 98
63 160
51 136
47 141
55 48
27 14
44 128
23 11
12 12
58 163
45 123
53 62
18 8
24 12
57 47
56 161
46 32
43 121
69 162
83 171
40 132
80 166
44 148
6 7
67 160
58 51
54 154
53 34
43 22
77 166
50 38
44 75
52 130
78 163
47 101
48 35
53 115
24 13
46 101
73 162
56 42
51 113
48 156
44 95
21 16
49 119
45 116
79 176
47 27
46 145
78 162
43 126
13 14
29 20
66 158
44 147
50 93
48 128
54 157
64 164
42 157
41 19
48 71
56 84
43 74
79 170
55 156
39 79
47 98
75 165
42 19
42 76
50 145
49 31
46 108
45 92
52 38
30 19
47 115
48 147
44 86
39 131
49 136
2 6
45 141
42 80
46 152
43 119
22 18
45 160
19 13
8 6
50 84
49 68
57 65
25 12
49 35
59 64
41 20
57 69
50 50
44 25
52 158
82 177
47 107
51 142
43 79
45 85
26 18
52 45
51 127
40 77
52 116
44 109
43 95
49 129
54 83
53 105
53 49
41 26
41 81
49 93
46 131
59 164
52 81
51 107
22 21
15 7
51 49
44 161
70 168
14 5
59 56
58 64
13 7
54 79
55 160
56 66
9 4
12 10
52 69
27 21
38 79
25 14
50 36
50 163
46 94
45 110
51 84
34 18
13 5
40 20
48 161
43 84
48 85
25 15
20 16
53 82
54 40
59 160
50 34
37 159
56 157
52 88
51 80
22 12
32 19
67 157
44 120
70 163
43 152
50 102
49 86
54 70
53 70
58 158
68 161
57 55
65 162
43 145
50 98
11 12
41 151
76 165
57 52
55 46
58 49
54 68
55 67
15 8
55 141
74 163
52 112
49 147
53 91
72 161
50 142
46 141
51 89
47 146
48 116
41 78
44 119
59 54
58 50
54 57
53 79
42 113
47 35
48 99
56 48
52 75
51 69
48 96
53 144
41 152
55 57
55 39
45 96
56 41
51 146
67 166
28 11
7 3
34 21
45 157
31 16
17 8
49 148
53 132
72 168
51 35
50 137
46 116
63 158
50 37
53 44
51 94
39 20
55 84
55 62
44 142
23 17
58 61
14 10
54 48
53 72
42 156
50 47
42 120
82 166
46 160
56 55
61 162
51 74
3 4
13 4
80 172
6 9
53 55
50 76
46 25
55 115
49 98
43 28
51 155
27 17
45 154
12 8
48 130
53 141
51 40
50 128
46 127
78 165
51 135
47 128
55 55
27 13
44 133
7 5
58 164
45 126
59 68
85 172
42 131
58 68
56 62
18 13
69 165
83 166
40 129
80 163
42 26
44 153
50 71
67 159
53 37
43 21
42 151
45 34
52 139
27 22
43 112
19 20
50 155
51 90
46 102
60 161
48 153
15 5
53 60
54 136
49 114
47 149
53 58
47 30
46 146
45 26
41 160
52 96
29 23
66 163
44 144
50 94
49 78
45 75
80 177
42 158
77 162
84 170
25 19
78 174
47 97
40 161
37 18
50 146
46 105
45 95
73 166
51 117
15 12
47 118
48 144
12 7
45 147
45 112
42 85
38 24
46 149
86 171
61 68
13 10
29 16
8 3
4 6
50 89
49 71
81 170
54 145
54 71
42 153
41 23
57 64
44 30
43 78
79 175
33 20
39 75
47 110
48 108
18 10
16 8
42 72
81 164
54 141
52 34
33 16
47 127
7 7
15 11
52 135
52 76
39 159
49 140
54 92
53 108
38 19
46 156
16 10
51 102
22 22
8 10
51 43
50 80
58 69
49 99
54 72
64 159
42 160
68 159
24 11
48 82
9 7
44 21
43 80
5 4
28 21
53 161
45 122
41 73
37 78
52 41
40 17
52 142
49 34
45 130
53 85
8 5
45 131
48 29
78 161
80 176
52 93
60 66
22 9
55 79
44 125
14 9
65 159
59 60
48 131
62 160
29 13
45 150
41 122
68 166
49 69
48 105
54 44
9 8
43 156
47 92
50 31
69 159
53 113
52 63
45 106
59 52
40 24
55 80
74 164
59 59
61 158
49 158
32 22
67 161
19 16
52 92
50 115
25 10
46 142
36 21
60 65
26 13
60 57
32 23
47 145
55 68
15 6
44 116
70 167
59 53
58 55
48 93
54 58
42 114
16 6
46 35
47 38
57 59
54 39
50 49
52 72
42 23
51 115
81 178
41 155
49 38
55 42
45 99
25 13
51 145
84 174
34 22
31 23
60 165
59 61
72 165
50 138
58 47
46 113
63 157
25 21
51 93
47 158
55 61
51 50
44 115
23 20
58 62
48 23
54 61
55 162
82 171
57 60
56 52
44 34
51 73
25 9
80 169
10 10
41 156
23 23
55 35
13 8
50 97
43 27
24 23
43 102
36 78
