200
16 5
8 13
7 7
11 8
19 11
13 3
12 15
13 14
16 3
11 10
8 2
4 9
15 15
14 13
10 8
21 8
7 9
7 3
20 6
6 4
7 11
9 6
12 12
9 10
7 5
13 9
12 6
14 2
9 4
11 2
20 10
6 9
8 5
11 6
11 7
18 8
9 9
8 12
13 4
5 6
12 5
12 9
19 5
10 13
16 2
15 9
10 6
7 14
18 7
11 11
6 6
8 9
11 12
9 12
12 18
17 7
12 2
15 5
10 5
3 7
19 6
7 13
17 9
18 6
11 1
19 10
11 9
9 15
13 2
13 6
7 8
13 13
4 10
15 14
10 7
18 9
16 8
16 9
2 8
17 6
18 12
17 12
14 7
19 9
14 6
14 3
11 3
12 13
10 12
13 8
12 16
15 2
15 13
14 15
4 8
5 5
8 7
6 5
11 16
15 6
12 7
12 10
9 8
13 11
5 12
9 7
14 16
20 8
6 11
3 10
8 6
8 10
6 7
14 1
9 11
18 10
5 7
13 7
12 3
10 15
14 4
9 13
7 12
6 12
7 6
3 9
22 8
11 14
9 14
4 7
17 8
17 13
13 12
4 11
14 11
14 9
5 10
16 10
2 9
17 5
17 11
16 4
19 8
10 11
6 10
5 8
12 14
13 15
12 17
10 14
14 12
21 9
4 6
11 17
10 16
14 14
15 7
12 11
21 7
15 8
13 10
18 5
10 10
20 9
6 8
8 4
19 7
8 11
16 7
18 11
20 7
15 4
10 9
13 5
8 14
12 4
16 6
12 8
14 5
14 10
6 13
3 8
8 8
11 15
15 3
9 5
11 13
1 8
12 1
17 10
5 11
14 8
13 16
5 9
8 3
18 4
7 10
2 7
7 4
13 17
