2000
8 24
20 50
40 36
55 28
48 33
56 32
26 8
26 35
53 40
55 43
54 21
40 18
16 37
65 35
35 56
24 31
28 34
32 47
61 30
26 27
44 55
36 22
11 40
47 34
33 17
26 14
34 61
20 46
46 53
34 12
48 52
47 23
59 39
36 35
22 48
30 25
41 13
14 27
44 22
28 7
24 42
22 31
50 46
40 55
13 23
13 41
22 10
50 20
31 38
55 45
45 33
53 32
51 30
28 39
5 32
31 36
53 19
41 51
44 48
30 37
19 21
33 24
35 3
34 54
20 51
46 46
34 13
17 32
19 38
38 37
44 23
46 38
30 23
42 28
61 34
32 17
17 35
38 34
42 25
34 66
11 42
50 39
26 18
33 39
13 40
29 37
40 8
16 43
39 17
11 28
25 35
2 36
64 32
9 26
44 37
44 15
19 16
59 30
23 16
42 33
53 36
12 36
46 39
46 31
33 38
26 13
57 24
44 16
8 30
18 50
31 28
38 43
51 17
12 46
35 19
37 50
35 37
40 37
5 38
53 29
27 8
57 40
52 34
48 15
25 42
36 32
28 53
40 11
38 42
41 33
27 36
30 55
36 58
52 24
29 46
15 43
30 44
34 31
33 61
57 31
21 13
15 21
58 37
18 43
39 16
39 39
21 34
19 30
55 33
43 13
37 51
43 24
21 10
56 25
6 32
31 49
49 44
27 15
52 39
12 41
25 49
15 40
38 5
51 50
35 60
18 27
12 27
56 38
41 40
27 43
49 26
28 14
4 37
66 34
35 6
43 38
37 29
34 24
6 39
31 8
23 23
21 12
21 47
18 25
18 36
35 58
21 41
7 25
19 43
60 36
37 40
43 32
41 60
49 35
39 54
41 21
52 33
12 34
30 33
27 7
51 19
51 41
46 17
24 10
54 46
14 44
41 47
40 38
49 17
19 17
10 22
26 15
4 32
43 45
29 36
29 30
45 37
42 50
45 43
31 58
48 48
18 37
43 53
9 23
35 49
61 31
33 16
28 56
34 46
29 23
23 38
10 42
4 29
30 14
27 17
41 28
42 24
12 39
51 36
25 19
14 37
49 24
17 19
56 33
26 34
27 33
39 56
3 38
6 41
45 34
31 33
30 18
8 39
44 11
30 54
33 7
34 39
20 36
5 37
38 20
26 9
30 7
39 40
9 35
58 39
25 54
37 41
38 51
51 21
25 26
35 23
31 21
49 15
53 37
52 21
40 21
53 35
29 50
56 24
24 30
28 45
44 12
31 44
58 27
42 29
22 12
47 35
33 30
34 64
20 41
30 48
43 12
7 30
19 48
17 14
48 17
36 34
22 35
41 10
27 32
64 35
49 31
42 19
33 29
11 36
29 15
16 23
26 12
13 28
53 22
26 52
50 32
24 26
42 42
11 22
46 24
38 25
24 27
28 38
12 21
10 24
5 34
48 24
12 28
22 21
30 40
61 39
47 38
33 21
59 24
34 49
46 16
50 33
46 49
34 16
8 29
31 4
47 27
51 34
36 39
21 35
27 30
35 50
5 31
2 31
19 35
28 27
24 38
35 59
58 25
11 43
32 40
50 34
40 51
53 43
13 37
35 5
26 53
16 42
14 35
22 36
11 29
28 59
24 14
41 55
39 7
32 54
22 30
36 31
47 45
7 35
17 40
20 55
46 42
33 35
47 30
23 41
54 23
36 48
22 53
35 41
6 40
38 46
24 35
38 14
37 55
3 32
40 44
40 26
28 3
13 36
20 20
49 50
42 20
52 23
25 39
35 51
28 52
21 54
9 30
39 25
17 31
30 58
55 31
19 12
47 26
7 38
27 37
27 16
20 29
34 26
33 58
57 28
36 44
35 36
21 39
1 36
42 57
54 22
29 6
8 31
38 24
26 32
53 21
42 9
49 41
14 28
37 45
25 46
51 29
15 37
5 26
12 26
35 45
39 20
51 47
36 13
62 30
23 27
29 42
32 37
34 19
26 45
45 49
32 52
46 35
58 41
48 38
18 47
31 7
45 22
30 16
24 49
37 37
23 48
35 63
49 48
39 55
41 18
52 43
27 19
12 45
25 53
51 24
51 46
17 41
44 9
12 32
52 17
41 44
39 11
49 30
43 34
24 28
16 25
46 28
6 35
38 29
33 56
48 18
45 48
31 59
48 35
18 40
31 10
45 13
33 13
6 26
34 41
23 51
35 18
29 28
43 27
43 35
66 32
62 38
45 32
49 39
27 22
41 25
54 28
25 60
19 51
15 25
25 16
26 58
12 24
52 26
8 25
50 21
27 50
49 21
61 27
10 26
6 38
23 21
36 23
42 54
21 31
27 29
48 44
31 13
8 32
21 52
47 37
57 34
31 46
33 4
34 34
47 19
37 43
32 27
45 45
19 19
12 20
36 56
31 60
39 33
35 65
28 12
25 23
10 25
52 31
48 29
26 36
28 15
26 38
29 55
63 30
35 55
38 22
22 54
24 58
31 37
48 49
8 35
22 15
35 64
55 27
17 43
34 59
46 26
26 22
23 49
59 35
19 49
36 61
22 38
36 40
22 27
52 38
64 34
36 54
55 25
50 44
38 32
53 33
47 52
26 47
50 26
32 5
37 33
7 34
42 40
28 33
35 46
35 32
35 20
61 32
43 52
22 24
36 21
19 27
17 34
34 52
46 19
46 52
34 11
17 25
47 24
26 41
36 38
22 47
8 37
2 30
16 38
64 30
42 21
34 6
9 22
38 40
24 41
37 35
12 22
16 19
40 50
17 22
13 24
27 35
13 42
33 5
40 10
16 45
41 22
42 41
28 58
67 33
41 52
44 47
22 50
41 59
34 53
4 36
50 35
46 45
58 36
47 31
30 21
22 56
31 18
29 20
38 33
24 34
15 48
34 65
65 30
35 22
50 38
40 47
43 39
13 44
53 25
26 57
28 28
58 40
55 37
25 36
8 38
28 63
40 12
36 7
59 25
9 27
36 30
44 40
30 9
7 39
23 13
3 35
36 19
34 5
17 23
57 25
22 49
58 35
18 49
39 15
31 25
47 33
24 11
28 24
3 31
29 11
40 40
35 16
27 5
34 62
14 32
25 43
28 60
38 10
18 28
31 65
31 16
41 34
39 29
27 9
36 12
35 17
58 31
35 42
34 30
32 7
33 62
58 42
35 7
21 14
21 46
19 31
62 29
18 42
32 4
45 27
50 24
24 7
37 58
43 21
2 32
56 28
23 10
36 36
39 52
22 32
12 44
51 25
15 19
12 30
15 44
41 41
39 24
49 27
47 48
66 33
23 31
37 30
26 23
29 29
34 23
45 44
43 20
21 21
35 12
30 2
48 34
18 35
43 56
31 11
45 18
38 11
34 44
18 17
29 25
23 36
33 65
26 37
28 8
46 43
49 36
27 23
44 45
42 17
52 47
54 31
25 57
51 20
32 14
15 22
25 13
54 45
14 43
27 51
49 18
17 18
55 30
10 21
43 46
27 11
8 26
24 15
33 1
21 20
31 63
30 19
48 47
31 14
21 49
36 9
17 49
6 36
34 45
16 17
29 24
17 47
26 10
8 27
62 34
30 13
27 18
37 28
37 48
15 29
35 26
29 4
52 30
35 44
53 24
30 65
56 36
26 33
25 9
33 26
63 32
24 8
38 47
31 34
12 31
8 34
34 32
19 13
57 38
36 51
33 8
34 38
20 35
7 28
36 60
39 37
9 36
57 32
28 16
41 29
25 27
37 54
57 41
13 30
40 24
5 39
29 51
65 33
46 25
28 40
42 35
38 18
32 41
48 21
44 53
36 20
53 39
47 36
33 31
34 63
46 22
36 53
23 53
32 3
32 20
23 30
51 33
36 33
45 26
29 33
16 30
41 11
28 5
42 18
55 29
31 15
16 18
40 53
53 20
13 21
32 48
53 23
36 64
40 13
16 36
14 36
35 29
44 27
42 44
28 37
5 35
41 49
32 21
22 20
36 25
47 44
47 43
17 38
7 41
34 56
20 49
46 48
34 15
21 24
17 29
19 40
23 44
30 24
44 21
54 32
61 40
42 15
38 36
24 37
28 49
11 44
18 29
10 30
64 33
16 32
48 26
40 32
46 21
38 62
13 38
26 60
50 23
15 23
40 42
11 30
25 33
35 54
42 45
28 62
2 35
59 33
21 53
29 60
41 56
22 26
44 35
63 31
55 26
18 30
47 25
7 36
27 40
43 54
39 51
46 41
34 8
33 36
36 47
22 52
44 46
18 52
32 22
60 40
36 5
38 45
51 40
16 21
37 56
40 43
9 42
49 51
26 61
16 50
37 36
25 40
45 35
13 26
38 13
23 39
35 30
47 22
35 35
9 31
39 26
30 57
47 53
40 56
32 28
34 25
33 59
57 29
38 35
20 30
60 29
16 39
4 28
31 29
21 40
60 41
11 31
29 7
26 30
56 31
41 37
55 21
39 61
39 23
52 37
39 42
57 27
25 47
15 34
35 53
13 31
12 25
41 38
27 45
32 51
36 16
4 35
43 40
12 38
34 18
38 30
40 45
45 50
32 49
61 38
48 37
32 8
45 23
59 27
31 45
37 38
43 17
31 32
23 26
26 46
13 39
59 40
49 33
27 12
41 19
40 31
52 46
16 26
15 41
51 43
25 10
40 5
42 36
52 20
50 22
39 12
49 32
30 6
22 23
43 47
29 34
36 24
6 34
42 52
45 41
35 8
35 33
48 46
18 39
32 15
45 14
11 27
33 14
3 30
60 39
34 48
32 10
29 21
43 28
19 39
31 47
36 50
49 40
39 47
41 26
32 24
12 37
24 32
20 48
31 53
51 38
25 17
48 39
12 23
56 40
14 39
10 35
48 30
49 22
38 50
16 48
20 13
56 39
40 30
43 42
29 57
63 28
32 6
42 53
43 41
45 40
32 35
63 29
48 43
24 50
9 25
57 35
19 41
34 33
20 34
37 44
15 18
33 9
36 55
36 37
39 34
52 35
35 66
22 46
38 53
25 24
24 12
11 23
50 50
27 58
18 32
40 27
29 56
45 39
53 38
38 21
23 35
31 62
32 38
18 14
43 51
22 14
57 42
17 44
34 58
20 39
23 50
59 36
19 50
26 42
38 39
22 37
58 28
41 8
24 44
31 3
31 56
28 4
25 32
11 38
45 12
50 43
26 6
33 37
53 34
60 38
40 20
50 25
39 19
27 10
29 5
57 23
11 24
42 39
28 36
32 45
16 41
52 48
44 41
30 42
36 14
19 28
33 19
34 51
46 18
50 36
46 51
28 48
17 26
47 21
37 62
30 27
44 20
42 8
41 15
19 23
29 19
28 25
42 22
15 47
10 40
11 45
35 21
60 27
31 27
40 49
53 41
13 43
29 41
26 55
25 12
11 32
54 44
24 18
28 57
54 37
29 3
41 53
44 34
30 35
30 10
22 11
52 22
20 53
46 44
34 3
33 33
19 36
17 16
30 20
22 55
39 10
61 36
32 23
28 18
42 32
46 13
33 32
65 32
29 13
32 39
50 37
26 24
52 32
31 51
13 34
40 9
55 38
25 37
38 7
38 16
9 28
39 27
4 31
44 39
38 54
17 36
62 33
21 32
59 28
43 50
43 9
20 27
34 28
35 62
33 40
23 17
57 26
39 6
47 50
23 9
58 34
31 35
32 26
21 37
38 41
47 17
4 34
39 59
63 33
37 52
40 39
56 30
31 19
30 32
39 58
14 30
22 34
11 26
51 32
43 55
28 55
24 16
31 2
41 35
39 30
27 57
36 11
47 47
20 54
43 57
29 48
37 60
34 29
21 19
40 33
62 28
21 15
22 57
18 41
23 11
35 61
21 36
24 55
7 31
18 18
37 59
23 42
10 44
48 27
56 27
40 28
61 28
58 24
49 46
27 13
24 48
52 41
12 43
15 38
32 13
51 48
25 7
7 26
12 29
21 56
41 42
27 41
17 17
3 34
4 39
1 31
32 25
39 31
43 36
37 31
13 48
34 22
6 37
44 13
45 46
35 9
36 46
18 31
18 34
32 12
45 19
6 28
34 43
50 48
37 34
43 29
26 11
17 39
33 63
49 37
27 24
41 23
29 12
54 30
37 47
25 58
15 45
35 34
51 39
25 14
43 26
35 25
14 42
35 43
27 52
1 35
15 17
10 28
51 44
43 43
29 62
42 56
26 51
21 29
35 4
20 32
18 24
21 50
36 52
33 2
13 29
34 36
29 17
43 8
11 35
30 12
39 35
41 30
39 22
65 31
38 56
15 30
25 21
37 53
52 29
27 59
28 11
7 32
56 35
26 40
3 36
20 40
38 27
31 5
28 42
45 36
31 39
48 22
58 32
46 54
57 39
33 25
34 37
20 38
43 15
31 30
47 15
54 33
53 26
36 59
44 26
39 38
9 37
38 49
47 13
25 28
11 39
41 57
16 16
13 32
30 3
40 23
31 12
29 52
44 28
65 34
30 39
16 31
42 34
38 17
47 49
32 42
32 18
44 56
30 45
31 55
19 29
17 48
41 7
33 22
20 43
24 21
20 12
21 23
47 18
43 23
30 30
44 32
41 12
38 58
24 47
28 50
11 34
48 36
10 31
56 26
50 47
48 32
13 22
38 63
26 16
20 18
40 16
16 35
32 9
42 43
38 26
5 36
29 59
41 50
59 41
22 19
30 38
19 24
33 23
7 42
27 39
34 55
20 52
46 47
34 14
17 30
19 37
36 41
44 24
36 42
22 25
61 33
31 20
6 27
36 6
28 29
42 26
34 67
11 41
16 22
50 40
26 19
26 7
53 31
26 59
16 44
13 47
55 39
25 34
7 40
30 4
13 25
23 34
32 33
32 19
23 14
44 38
30 63
47 51
59 29
23 15
46 40
34 7
17 21
40 17
28 30
22 51
46 37
16 40
18 51
42 27
35 39
38 44
60 28
37 49
26 28
17 24
64 31
57 37
16 49
27 46
27 21
25 41
38 12
52 25
39 32
62 36
30 56
47 54
29 45
12 35
20 31
46 30
38 31
33 60
57 30
8 28
18 44
32 30
45 25
53 44
31 64
31 48
29 8
23 43
35 38
40 35
23 25
53 30
30 62
7 27
49 43
52 40
12 42
46 33
25 48
15 39
51 49
40 6
28 23
41 39
39 18
49 25
19 53
36 15
4 38
15 35
44 42
43 37
29 44
34 17
60 26
51 28
45 51
32 50
18 26
18 45
27 49
27 28
21 48
47 39
55 34
3 29
60 33
33 18
29 32
23 46
21 11
10 41
31 50
49 34
39 53
41 20
14 19
35 24
25 55
15 42
38 4
15 24
25 11
48 40
31 17
10 27
14 45
10 36
48 19
35 14
28 13
20 14
56 41
23 20
29 35
14 18
60 32
23 32
50 29
23 24
21 18
45 24
29 63
18 19
18 38
55 40
32 16
9 24
19 44
11 21
34 47
27 6
61 29
37 46
43 25
42 30
30 15
30 28
41 27
52 36
12 40
30 64
15 49
30 17
15 31
25 18
24 9
30 5
52 28
49 23
47 46
59 37
56 34
40 29
29 58
3 37
37 39
45 38
51 31
21 25
32 36
58 26
57 36
33 6
38 9
34 40
46 32
56 23
26 43
30 8
27 27
9 34
42 23
38 52
46 34
45 11
21 43
50 49
40 22
27 34
35 31
29 49
6 31
28 46
32 43
29 10
48 51
22 13
36 18
57 43
17 45
37 32
34 35
34 57
20 42
35 40
43 11
38 19
44 14
19 47
2 34
36 63
44 30
41 9
29 18
38 61
24 46
51 22
55 32
14 40
32 44
16 24
40 59
13 27
13 45
40 19
16 34
55 41
42 38
28 35
28 19
32 46
54 47
44 44
30 41
19 25
33 20
44 54
34 50
20 47
6 30
46 50
34 9
28 9
19 42
59 31
30 26
44 19
41 16
39 9
5 30
19 32
38 38
24 43
62 31
29 16
16 29
40 52
32 2
13 18
51 35
26 54
16 47
24 13
55 36
46 23
54 35
38 8
24 17
38 6
10 23
41 54
48 23
44 33
30 34
19 20
23 12
27 25
20 21
34 2
31 1
33 34
43 48
36 45
45 28
32 11
25 22
31 24
32 32
28 17
24 36
35 48
29 14
40 41
35 13
13 35
49 49
60 31
44 29
19 34
30 36
25 38
50 30
38 15
42 51
9 29
39 28
27 60
30 59
55 44
7 37
46 36
45 42
33 57
51 37
43 22
31 57
32 34
58 33
32 31
21 38
46 12
24 57
28 51
63 34
37 61
30 29
40 34
56 29
40 25
28 6
20 19
14 29
34 4
15 36
35 52
39 50
21 55
41 36
44 36
9 32
62 32
47 32
27 38
43 58
39 49
34 20
33 64
33 15
21 16
35 15
36 43
18 48
58 38
14 31
48 25
42 16
50 41
21 42
23 47
38 23
40 54
49 47
27 14
41 17
52 44
54 20
25 52
51 23
51 26
25 8
23 37
54 34
29 9
8 40
41 43
27 42
13 46
29 38
43 33
29 40
48 50
34 21
60 30
45 47
31 54
8 36
50 31
48 31
4 30
31 9
21 44
36 49
33 12
60 37
34 42
29 27
43 30
58 29
62 39
19 14
49 38
39 41
41 24
39 21
54 29
25 59
51 18
15 28
25 15
54 43
14 41
39 13
10 29
31 6
56 37
34 60
43 44
42 37
16 28
28 10
46 27
38 28
42 55
26 17
21 30
31 61
48 41
64 36
21 51
57 33
33 3
59 32
23 52
37 42
32 29
15 32
30 11
59 38
29 39
39 36
54 36
38 55
19 52
43 14
55 35
40 7
14 34
39 8
59 26
52 19
36 62
26 39
44 43
14 38
44 25
36 26
28 41
35 57
31 40
20 28
18 16
58 30
31 26
22 16
19 26
19 18
11 25
17 42
41 6
35 47
17 37
20 37
37 63
43 16
31 52
47 16
38 48
32 53
22 39
9 38
18 13
