2000
41 65
29 31
58 29
21 33
5 41
53 54
29 9
29 36
56 41
14 24
43 19
19 38
7 27
54 41
27 32
31 35
35 48
8 39
40 3
28 30
36 45
25 10
39 23
60 48
22 31
36 18
43 53
37 62
23 47
33 31
23 12
62 46
50 24
27 51
33 10
33 30
25 49
33 26
44 14
2 37
46 8
25 45
39 4
31 8
45 25
58 20
47 34
19 21
29 10
4 35
16 24
16 42
53 21
32 27
48 34
27 25
41 26
26 34
44 52
46 50
25 19
50 42
36 25
28 4
37 55
23 52
23 21
37 14
36 48
50 27
29 49
39 45
47 24
53 28
45 29
8 27
38 46
34 70
41 35
27 40
37 67
14 43
19 26
43 49
16 41
58 24
29 59
19 44
42 45
14 29
28 36
54 52
41 3
5 34
12 27
44 64
55 51
25 28
47 16
50 53
10 35
26 17
45 34
15 37
23 26
49 32
36 39
43 52
25 51
21 51
35 29
41 44
54 18
38 20
40 51
38 38
29 28
46 41
56 30
52 54
30 9
19 53
28 43
39 32
41 12
43 12
31 25
35 69
44 34
30 37
33 56
54 15
26 8
40 23
37 33
36 62
24 14
57 43
11 28
21 44
42 17
42 40
24 35
4 36
26 50
20 34
6 27
32 12
26 45
24 11
34 50
52 45
42 52
17 26
45 47
57 24
28 50
54 29
41 6
54 51
29 27
25 55
15 28
50 18
51 21
52 27
41 53
7 38
45 61
26 27
40 30
37 25
35 9
36 53
46 44
34 56
32 63
51 31
38 59
24 42
22 44
9 31
22 41
26 36
53 14
44 61
3 38
7 25
57 23
30 11
55 49
39 33
28 57
18 48
54 42
28 13
57 47
54 53
17 45
44 48
42 11
52 18
22 18
13 23
29 16
26 18
40 29
40 39
27 17
33 11
46 18
24 20
35 59
21 19
21 38
26 10
38 50
24 57
49 10
41 11
37 47
21 25
32 24
26 39
36 72
7 30
39 53
23 25
42 46
44 29
27 43
38 70
15 40
49 18
54 37
28 20
62 44
48 11
55 28
42 2
52 25
36 36
33 67
13 33
29 35
30 34
32 60
6 39
27 6
48 35
34 34
39 49
51 54
11 40
48 8
36 8
37 40
23 37
53 47
20 32
26 62
11 43
10 28
22 54
42 41
12 36
32 18
41 52
54 22
28 27
26 61
35 44
43 62
52 16
16 30
17 44
29 44
27 31
41 20
41 47
35 45
19 47
45 30
4 30
47 32
39 18
31 24
22 32
36 31
37 65
23 42
23 11
46 13
10 31
22 49
51 18
47 30
60 44
44 11
30 57
30 33
5 30
58 46
27 46
36 30
14 37
40 56
6 34
29 13
16 29
25 59
16 47
43 15
19 34
27 27
54 27
45 43
58 43
49 25
27 28
41 29
44 44
59 43
8 35
21 43
15 29
25 22
33 41
22 27
36 22
10 45
37 50
23 51
19 32
49 50
55 19
20 29
50 28
16 37
39 40
47 23
30 31
12 42
8 33
31 28
27 39
34 8
14 44
35 41
34 29
29 14
45 11
56 44
16 38
34 58
29 54
19 43
38 9
25 37
14 30
27 21
31 60
5 37
8 42
12 24
42 8
35 55
25 31
33 34
22 22
50 46
10 36
20 41
23 56
49 43
24 18
20 20
22 35
60 22
33 19
47 12
45 8
38 42
31 21
27 36
37 71
21 21
32 16
59 29
43 45
56 51
41 34
56 29
29 17
52 51
43 5
28 40
34 16
41 15
5 38
24 55
44 63
42 26
20 33
33 59
52 46
22 39
10 39
42 53
23 30
37 27
36 59
60 29
11 27
21 55
55 43
38 37
24 40
8 26
39 9
45 7
37 49
15 45
40 63
43 34
13 35
45 10
52 42
42 65
24 48
17 29
28 47
18 34
18 38
26 41
15 27
16 46
39 14
7 37
46 40
40 19
35 38
37 20
36 50
43 20
48 50
34 53
21 29
21 48
45 26
38 60
24 47
27 50
17 51
32 30
26 49
13 44
58 23
52 49
30 12
55 44
30 20
15 46
52 28
54 25
54 47
20 42
47 10
34 43
57 42
17 48
44 45
30 56
52 31
55 52
7 42
3 29
59 48
46 35
32 34
57 28
49 29
9 36
41 30
36 57
29 19
48 49
35 60
21 30
21 41
21 52
38 55
48 14
9 27
37 42
46 16
38 19
32 29
26 40
36 69
26 32
7 29
48 32
30 23
44 26
55 53
57 29
28 61
22 52
18 26
28 17
43 9
15 25
17 41
53 22
42 15
52 22
13 27
47 45
26 22
40 9
25 41
39 24
9 45
24 36
27 13
24 32
34 63
51 45
11 39
42 39
24 53
34 47
20 53
44 6
37 35
50 20
32 20
26 59
24 22
42 4
39 57
34 61
33 69
42 34
38 66
41 55
43 59
28 24
17 34
53 52
30 58
43 31
31 16
23 17
43 29
40 16
6 35
39 66
34 12
41 23
47 13
27 59
34 38
40 2
49 9
11 36
36 44
47 50
24 60
14 40
49 20
20 44
54 38
37 60
49 27
42 66
46 14
10 33
22 50
39 62
47 29
44 8
55 39
29 5
47 20
26 20
33 63
41 64
28 31
14 38
19 23
41 33
16 26
19 41
47 49
36 10
40 34
45 41
41 32
38 32
38 21
8 40
25 25
39 22
22 28
36 19
37 53
23 46
51 44
23 15
37 12
36 42
50 25
43 24
33 29
25 48
5 31
19 39
44 15
31 27
27 42
58 21
15 23
40 13
19 20
43 51
20 23
16 25
42 33
58 19
36 6
29 57
19 46
42 44
58 47
45 42
41 9
44 53
25 18
39 31
22 23
44 60
37 54
49 13
57 32
23 20
61 45
36 49
22 36
33 22
25 57
51 17
8 28
38 47
32 21
31 33
27 35
18 49
37 66
38 23
19 29
43 48
26 28
16 34
29 58
51 29
14 26
28 37
50 12
41 2
43 13
39 8
12 28
47 41
33 62
50 50
26 14
31 13
23 29
54 16
36 40
34 68
24 8
25 50
21 50
34 26
50 34
41 43
12 34
52 12
40 52
57 41
43 41
35 53
52 55
30 6
19 52
17 33
45 48
28 44
41 7
31 57
35 66
44 35
42 30
30 10
39 13
50 15
26 9
40 24
35 23
37 31
35 8
36 63
11 25
34 60
24 15
47 9
40 6
51 25
38 65
48 28
27 57
53 25
19 35
40 59
26 42
53 15
31 7
45 16
39 37
30 17
25 33
17 25
47 33
54 26
54 48
28 7
45 50
15 31
55 17
44 42
42 25
18 25
7 41
59 47
12 45
46 36
40 31
49 33
36 24
40 38
37 24
48 45
36 54
48 46
35 57
61 46
21 36
38 56
24 43
49 11
9 30
37 45
32 26
26 37
59 22
36 66
29 38
49 44
30 24
25 20
45 18
55 48
57 33
34 69
28 58
54 21
34 15
54 43
28 14
57 46
48 10
55 22
32 57
44 49
42 16
52 19
36 35
58 31
59 44
22 34
26 19
32 62
27 16
24 21
35 64
39 46
51 48
11 42
17 22
38 51
24 50
20 50
37 46
45 63
57 20
32 25
36 32
29 11
39 52
42 47
44 30
28 54
40 49
18 45
28 21
26 60
35 39
17 37
38 45
42 3
13 31
43 33
28 10
32 61
6 36
27 9
17 47
41 48
34 35
21 11
27 37
37 32
48 9
33 14
25 42
59 20
37 39
23 36
10 29
50 11
39 61
30 26
12 37
42 12
30 19
5 28
31 17
20 45
32 15
43 65
52 17
16 31
25 60
43 25
45 44
49 26
27 30
43 42
34 42
39 21
60 46
20 48
37 64
49 23
23 10
46 10
38 64
22 46
33 32
48 27
40 26
44 12
41 60
27 49
42 36
14 34
40 67
53 49
29 12
45 12
56 46
16 48
61 47
43 14
53 31
38 30
47 28
58 48
45 45
41 28
8 36
44 50
25 21
39 26
50 45
50 44
36 23
37 57
23 50
49 49
37 16
24 25
36 46
50 29
39 43
25 44
2 38
38 48
31 31
27 38
41 16
37 69
14 45
23 57
5 39
5 33
19 33
51 27
29 34
56 45
56 31
49 48
43 7
53 24
29 25
38 5
14 31
28 34
34 11
27 20
41 5
5 36
40 5
12 25
28 33
25 27
25 30
44 62
58 27
22 19
50 26
10 37
30 41
26 11
30 16
23 24
37 9
20 21
60 23
39 48
47 15
33 24
21 53
55 40
38 43
25 43
31 20
45 5
37 70
43 44
43 61
12 43
52 52
43 4
19 51
28 41
24 28
18 41
41 14
46 28
38 31
50 23
35 33
12 33
33 58
22 10
28 6
46 62
63 45
37 26
36 60
41 36
11 35
11 26
45 36
21 54
34 30
24 41
27 60
1 37
6 29
40 64
43 37
13 34
39 69
52 43
42 62
42 24
17 28
42 43
58 45
55 18
36 9
56 40
15 26
35 70
42 18
39 17
7 36
26 29
40 20
15 39
37 19
41 31
36 51
43 46
48 51
35 50
21 28
21 47
38 61
48 24
45 15
18 52
32 31
26 46
34 32
13 43
56 32
48 31
30 13
44 20
43 32
55 47
57 19
28 55
18 42
54 44
28 11
43 6
57 49
55 21
44 46
42 13
52 32
57 48
13 25
47 42
46 48
32 35
9 35
27 15
48 42
35 61
38 34
51 47
21 40
38 52
48 15
50 41
4 38
36 15
44 5
9 26
20 36
40 46
46 29
22 40
36 70
3 37
7 28
39 51
42 48
35 25
61 22
15 38
49 19
54 17
41 4
18 27
28 18
15 24
5 35
17 40
13 36
21 37
52 23
41 51
26 31
13 26
29 37
46 43
32 58
6 41
9 44
35 7
27 12
46 42
48 41
34 36
21 22
28 28
11 38
20 27
6 40
20 54
37 34
23 35
40 45
23 45
39 56
39 38
42 35
25 29
38 67
47 21
41 54
28 25
53 26
57 51
58 44
53 51
30 59
34 52
43 28
40 17
48 40
56 39
41 22
46 33
35 63
34 39
51 53
25 15
60 43
36 29
37 59
23 40
21 23
23 9
26 51
41 1
22 51
29 43
39 65
25 38
49 41
44 9
38 13
41 63
25 7
28 32
14 39
48 13
19 22
29 7
20 22
16 27
43 21
19 40
38 68
34 65
14 25
27 26
31 37
38 18
8 41
19 42
25 24
39 25
33 53
22 29
36 20
37 52
23 49
19 31
41 19
36 43
22 42
33 28
25 47
44 16
8 30
22 24
41 66
40 44
31 26
27 45
54 20
14 46
35 42
35 28
43 50
56 42
16 44
40 18
29 56
19 49
14 33
57 45
45 49
41 8
43 10
41 45
53 19
47 35
33 36
22 20
55 23
49 12
49 45
10 44
36 34
22 37
39 47
25 56
30 55
8 29
35 24
41 49
45 33
49 14
54 30
40 54
38 28
19 28
43 43
38 16
56 27
46 11
43 3
27 19
14 27
28 38
51 19
31 58
41 17
5 40
59 45
46 6
12 29
42 28
25 26
33 61
24 33
26 15
55 38
23 28
37 29
36 41
42 7
24 9
32 37
35 36
21 57
34 27
24 38
34 57
45 9
6 30
40 53
53 16
29 26
13 37
39 34
30 7
55 37
25 35
39 30
28 45
54 54
31 56
45 51
57 18
44 36
42 31
42 6
33 54
7 35
12 44
26 6
40 25
37 30
48 44
29 32
46 20
33 33
34 59
25 58
61 44
21 42
26 12
38 62
24 37
29 6
27 56
41 13
47 11
40 60
26 43
59 23
51 28
13 38
29 39
23 23
52 47
30 14
17 24
15 44
35 68
18 39
54 49
28 8
15 30
55 16
32 56
44 43
30 42
52 29
7 40
58 30
59 46
35 26
42 32
46 37
40 33
37 23
9 38
36 55
24 23
35 54
33 21
21 32
21 35
55 45
38 57
24 44
9 29
37 44
15 47
40 35
46 30
36 67
59 21
32 32
30 25
44 24
32 13
57 31
40 48
28 59
18 46
38 35
18 28
28 15
54 40
38 26
17 43
34 24
30 53
52 20
13 29
26 24
40 7
6 42
38 8
27 11
24 30
35 65
23 33
51 43
45 32
25 9
24 51
33 15
20 51
25 16
37 37
40 42
46 9
7 33
39 55
30 32
44 31
30 43
30 18
31 11
18 31
28 22
32 14
30 60
31 12
25 61
13 30
29 41
40 14
6 37
53 38
23 41
27 8
41 25
24 29
34 40
21 45
11 34
24 58
36 26
27 5
18 51
37 38
23 39
26 52
34 31
46 34
39 60
47 27
30 27
12 38
46 7
5 27
41 50
50 14
28 29
58 28
46 32
43 64
27 55
16 33
29 42
53 29
17 38
32 53
25 39
33 40
38 22
45 35
41 18
36 56
35 43
8 38
25 11
39 20
38 12
60 47
22 30
20 49
37 63
23 44
32 9
26 55
24 24
22 47
34 55
25 34
44 13
2 36
31 9
27 48
43 36
14 35
40 68
53 48
21 34
16 23
23 19
40 66
53 30
58 49
39 68
27 22
31 41
8 37
40 4
44 51
20 30
47 46
39 29
22 25
20 40
29 33
37 56
49 15
23 18
37 15
20 31
22 38
39 42
47 25
33 25
47 40
55 41
38 49
39 7
31 30
27 41
37 68
58 22
53 45
19 27
29 20
29 8
16 40
58 50
29 60
19 45
32 68
14 28
28 35
24 27
54 28
31 62
26 35
35 34
12 26
46 51
47 39
33 64
48 26
10 34
26 16
23 58
23 27
13 46
36 38
20 39
47 14
38 4
53 27
36 28
45 28
34 28
35 13
31 23
40 50
49 22
29 29
58 25
52 53
30 8
19 50
28 42
35 56
31 55
55 26
56 48
30 36
33 57
33 50
22 11
47 17
40 22
57 30
23 32
31 34
36 61
29 21
47 7
11 29
51 23
35 31
24 34
45 13
54 19
51 30
6 26
40 65
26 44
35 27
29 30
38 36
16 39
39 5
4 28
42 63
17 27
57 25
49 34
28 49
18 40
6 33
54 50
28 5
41 42
35 71
55 15
27 23
42 19
52 26
50 10
39 16
7 39
47 43
26 26
40 21
9 41
36 52
48 52
35 51
51 41
21 46
30 29
24 49
50 40
4 37
45 14
44 4
9 33
20 35
40 40
26 47
51 20
13 42
3 39
34 51
35 12
42 54
55 46
15 48
28 56
18 43
54 45
28 12
35 62
13 28
17 46
5 29
44 47
42 10
38 15
31 14
13 24
26 23
26 21
40 28
9 34
26 33
45 52
24 19
48 25
21 20
21 39
58 41
38 53
48 16
22 45
37 48
40 47
26 38
36 71
3 36
54 39
39 50
39 39
42 49
44 28
15 41
6 28
39 3
18 50
28 19
43 47
55 29
42 5
52 24
33 68
10 26
43 30
32 59
6 38
32 33
27 7
24 26
35 37
47 36
23 59
36 7
41 10
37 41
23 34
51 42
59 24
50 13
39 59
49 42
30 28
12 35
45 24
38 44
31 15
28 26
57 50
48 12
48 20
53 50
43 63
52 15
36 37
30 35
38 33
40 10
20 38
45 62
38 24
36 27
51 52
25 14
39 19
39 12
20 46
37 58
23 43
53 46
26 56
10 30
22 48
39 64
47 31
44 10
24 10
41 67
40 43
41 62
27 47
56 49
14 36
55 27
38 25
56 47
19 25
43 60
16 28
56 22
29 46
25 52
58 42
27 29
31 36
43 11
41 46
35 47
8 34
53 20
31 32
25 23
33 42
33 12
36 21
25 13
48 19
37 51
23 48
32 11
49 51
62 45
20 28
22 43
36 64
33 27
25 46
60 45
44 17
30 54
8 31
22 33
31 29
27 44
44 33
20 47
14 47
24 16
19 30
29 15
56 43
47 8
16 45
29 55
19 48
27 24
49 24
31 59
27 18
31 61
46 12
59 42
51 24
25 32
33 35
22 21
56 52
26 13
26 57
23 22
51 13
20 19
46 49
60 21
33 20
48 29
32 36
34 25
35 32
31 18
45 31
22 57
35 21
40 55
53 17
29 24
38 14
56 50
56 28
52 50
47 48
25 36
28 39
19 37
28 53
27 33
27 14
53 53
12 30
42 29
30 61
33 60
50 43
22 12
10 38
23 31
37 28
48 43
36 58
27 34
35 58
36 47
35 35
11 33
34 33
24 39
27 58
51 46
6 31
40 62
59 28
43 35
59 30
39 67
49 46
42 64
28 46
18 37
34 17
42 51
24 56
42 20
13 39
39 15
7 34
4 29
26 7
42 50
35 40
37 21
36 65
24 17
35 52
39 44
21 49
55 42
38 63
24 46
51 26
45 17
4 34
57 22
40 61
26 48
31 42
13 45
48 33
52 48
30 15
17 23
57 21
20 37
18 44
54 46
28 9
38 29
32 10
17 49
35 19
42 23
52 30
7 43
59 49
26 30
37 22
9 37
36 33
48 48
38 11
21 31
51 32
7 31
38 54
24 45
33 16
9 28
37 43
32 28
46 31
36 68
16 22
3 35
7 26
42 42
44 25
55 50
30 21
15 36
10 43
28 60
18 47
18 29
28 16
57 44
17 42
42 14
52 21
30 30
26 25
40 8
53 39
51 11
49 28
27 10
29 18
24 31
34 62
21 24
51 12
11 44
25 8
24 52
20 52
54 14
37 36
26 53
32 19
26 58
35 30
22 58
39 54
10 27
40 32
42 37
44 32
53 18
38 69
31 10
50 17
46 15
28 23
43 8
17 35
53 40
42 9
45 6
39 63
43 26
47 44
17 39
40 15
47 26
50 30
41 24
38 58
34 41
4 39
50 19
11 37
25 17
24 59
4 40
20 43
34 64
37 61
23 38
32 8
46 17
38 17
22 53
31 19
34 54
25 40
57 40
44 7
