200
15 8
7 16
6 10
10 11
18 14
12 6
13 12
11 21
9 13
7 5
3 12
8 4
13 16
9 11
20 11
6 12
6 6
19 10
5 7
8 9
11 15
8 13
6 8
12 12
11 9
14 13
13 17
19 13
5 12
15 16
10 9
10 10
17 11
8 12
15 7
11 18
12 7
4 9
11 8
11 12
4 14
9 16
15 5
16 5
14 12
10 2
13 13
17 9
10 14
17 13
7 12
10 15
8 15
11 2
6 11
9 5
11 5
8 14
10 8
4 11
16 6
16 12
5 13
10 4
18 13
10 12
14 4
12 5
12 9
20 10
3 13
14 17
9 10
17 12
15 11
15 12
1 11
16 9
17 15
10 13
18 12
13 9
13 6
10 6
11 16
9 15
12 11
11 19
14 5
19 9
8 6
9 6
3 11
4 8
7 10
8 5
5 8
10 19
14 10
10 3
11 10
11 13
8 11
8 10
13 19
19 11
5 14
7 9
7 13
5 10
10 16
14 8
5 9
4 10
12 10
11 6
9 18
13 7
8 16
8 8
5 15
6 9
2 12
21 11
14 16
10 17
8 17
3 10
16 11
11 3
13 14
9 8
9 3
4 13
15 13
16 8
17 16
16 14
7 15
18 11
12 2
9 14
11 17
9 4
11 20
9 17
14 15
13 15
9 7
20 12
3 9
10 20
8 7
9 19
10 5
14 9
11 14
14 11
12 4
12 13
15 17
17 8
13 10
10 7
19 12
5 11
7 7
15 15
15 6
15 9
17 14
7 8
14 7
9 12
12 8
11 7
7 17
6 13
11 11
15 14
13 8
9 9
8 18
2 11
7 11
10 18
14 6
14 14
11 1
12 3
11 4
16 13
13 11
12 19
4 12
7 6
17 7
16 7
6 7
12 20
