1000
37 83
24 55
36 82
27 64
3 63
12 53
23 78
20 59
31 52
9 71
39 87
32 25
10 74
31 26
24 9
9 65
28 55
13 8
8 68
19 71
7 63
18 70
13 12
30 45
24 24
23 15
14 72
40 83
16 72
41 91
13 71
24 46
27 14
3 60
24 76
26 76
35 83
23 71
13 2
24 31
16 5
45 77
35 77
21 77
6 53
42 89
40 87
20 72
14 15
33 71
41 90
26 24
30 74
44 77
8 59
29 73
21 58
7 68
22 30
6 57
23 32
29 43
23 16
25 40
28 42
24 45
24 14
25 66
27 38
26 79
12 67
23 76
26 13
27 60
17 2
26 57
34 75
10 60
27 34
5 51
13 14
33 80
26 27
4 50
30 69
46 85
12 8
29 74
31 78
25 7
33 58
18 56
28 75
6 64
32 59
26 10
45 86
5 63
25 33
42 81
28 33
22 12
15 57
24 72
25 32
38 83
23 31
25 59
42 78
37 80
13 59
30 19
24 58
22 14
12 58
20 8
37 50
22 56
15 5
26 64
36 51
21 55
10 63
31 49
25 36
33 25
9 76
35 57
30 60
43 91
10 73
29 67
31 23
45 85
24 12
30 22
26 40
29 29
22 6
25 26
22 32
11 16
24 27
17 74
29 47
23 36
16 75
28 46
24 57
36 85
19 4
23 58
25 78
3 65
27 44
26 67
22 77
7 53
26 45
8 72
34 79
25 21
29 60
31 28
7 75
33 76
9 63
28 57
19 73
22 17
7 65
27 25
30 43
6 60
41 80
23 29
25 45
13 77
39 78
24 48
12 72
8 11
14 9
47 85
35 49
11 52
12 62
23 73
34 52
27 18
3 52
33 43
21 75
32 42
40 89
20 74
14 13
24 35
23 9
41 88
25 47
32 72
8 61
29 71
31 75
7 54
44 86
6 55
36 52
26 9
5 60
25 38
42 76
9 12
28 44
11 12
35 86
23 44
21 8
14 59
25 10
37 77
13 56
12 69
29 20
33 52
18 10
17 10
11 67
20 5
7 11
27 36
31 42
33 78
35 58
4 52
30 67
32 79
46 82
29 64
33 56
26 7
28 77
30 29
6 62
26 16
43 76
23 11
31 54
16 56
27 23
4 64
15 59
24 36
38 81
23 33
27 7
25 57
37 78
17 3
24 60
36 79
47 86
46 76
27 63
3 66
9 56
35 47
18 5
26 62
36 53
32 48
8 53
10 69
27 45
38 87
31 51
15 13
9 74
30 72
11 70
8 75
34 58
10 71
27 19
31 25
45 82
9 68
15 2
41 84
32 68
26 19
19 74
29 27
25 24
30 46
24 29
11 63
17 72
21 18
20 10
23 19
15 70
23 42
23 8
15 73
25 76
25 12
27 76
3 59
35 50
2 66
6 12
10 62
22 75
16 2
26 43
21 72
9 61
29 58
14 16
45 75
33 74
41 93
28 59
22 7
32 75
12 14
31 68
25 17
18 74
11 3
30 41
6 58
41 78
26 37
5 57
40 79
25 43
10 3
13 75
39 80
24 42
19 11
12 74
23 18
8 13
7 15
10 13
13 69
15 53
2 61
12 64
23 75
27 59
12 9
16 1
33 41
18 9
35 73
11 60
32 44
34 76
10 57
20 76
14 11
16 7
20 9
41 86
26 28
30 70
8 55
14 5
24 39
7 56
24 18
24 11
17 58
5 58
16 59
17 8
28 30
4 59
24 41
11 69
38 85
14 57
25 62
13 54
30 20
23 40
31 73
12 55
6 14
25 14
37 53
23 6
9 53
26 61
36 48
10 14
32 51
35 75
27 30
31 44
15 6
26 31
42 92
34 57
19 57
33 54
28 63
22 9
30 27
32 55
26 14
12 2
29 24
23 13
31 56
25 29
11 15
30 53
24 32
38 79
25 55
37 85
24 54
36 81
23 57
13 7
27 65
3 68
21 59
10 67
20 58
31 53
15 15
9 72
26 38
11 72
27 21
22 34
31 27
24 8
9 66
28 54
8 67
22 18
25 22
18 73
30 44
41 83
17 70
40 82
16 71
13 72
15 72
23 46
3 61
31 20
35 52
25 16
22 73
16 4
35 74
6 52
40 86
20 71
14 14
16 10
33 72
9 59
28 61
44 76
32 77
31 70
25 15
22 11
6 56
41 76
29 44
5 55
40 81
25 41
28 41
11 11
39 82
24 44
26 33
23 39
25 67
10 11
27 17
13 67
24 66
26 78
2 59
12 66
23 77
10 53
27 61
7 74
18 7
11 54
43 86
34 74
10 55
27 35
5 52
31 41
16 9
26 26
30 68
8 57
19 58
29 75
25 8
28 74
32 58
17 56
45 87
5 64
24 37
28 32
4 61
7 13
15 54
24 15
38 82
14 55
25 60
9 2
37 81
13 60
12 57
37 51
22 59
33 48
26 59
36 50
21 56
32 53
7 64
27 32
31 46
15 8
35 54
30 63
42 90
34 55
10 72
9 11
9 54
18 58
30 25
32 57
14 6
22 41
29 22
31 58
25 27
46 87
9 1
22 13
24 26
17 75
20 7
16 74
37 82
24 10
24 56
36 83
19 5
23 59
27 75
26 66
2 63
1 60
20 60
22 76
35 79
39 86
30 54
46 84
34 78
10 75
29 61
31 29
33 77
9 64
28 56
8 69
28 38
31 67
25 20
18 71
28 78
30 42
41 81
14 73
40 84
16 73
39 79
15 74
22 45
24 77
26 77
11 53
22 71
12 13
35 76
22 16
21 76
8 12
34 73
40 88
20 73
14 12
41 89
26 25
30 75
10 12
8 60
29 72
31 72
7 55
27 24
19 9
6 54
26 8
29 42
5 61
25 39
9 13
28 43
11 13
35 78
21 9
38 73
14 58
25 65
13 57
12 68
38 51
26 46
22 78
33 53
17 11
10 61
27 37
14 7
40 85
26 12
33 79
26 32
4 51
25 46
32 78
43 89
19 60
14 1
25 6
33 57
18 57
28 76
30 28
6 65
11 64
5 62
31 55
16 55
43 78
4 63
15 56
38 80
23 30
24 47
25 58
37 79
13 58
24 59
36 78
19 6
3 67
22 57
15 4
20 56
26 65
11 65
21 54
32 47
10 68
20 55
38 86
31 48
13 13
9 75
26 35
11 71
30 61
32 29
8 74
10 70
29 66
42 87
31 22
45 83
24 13
9 69
28 67
30 23
26 18
19 75
29 28
31 60
25 25
27 22
19 7
30 49
24 28
17 73
29 46
23 7
15 71
19 10
25 77
27 77
3 64
41 87
35 46
35 51
22 74
7 52
35 81
39 88
21 73
8 73
40 91
29 59
24 34
45 76
33 75
9 62
28 58
32 74
26 44
19 72
31 69
31 43
24 17
6 61
11 62
23 27
23 28
40 78
25 44
10 2
36 74
13 76
39 81
14 54
29 32
12 73
24 53
25 11
22 43
35 48
2 60
23 72
8 2
34 53
26 47
28 71
33 42
18 8
11 61
21 74
20 4
32 43
20 75
14 10
16 6
9 55
26 23
30 73
32 73
8 54
29 70
31 74
7 57
26 6
44 87
17 59
26 34
25 34
5 59
40 77
16 58
43 77
27 28
28 45
4 58
24 40
21 7
14 56
25 63
5 13
13 55
12 54
42 91
42 77
9 57
26 60
36 47
37 86
32 50
8 14
10 59
27 31
31 45
15 7
46 83
34 56
29 63
45 84
7 12
30 26
6 63
32 54
26 17
12 1
29 25
23 10
31 57
16 57
43 85
28 36
30 52
15 58
11 68
41 92
25 56
22 29
23 43
36 80
19 8
25 18
25 13
25 19
26 63
2 64
10 66
20 57
31 50
15 12
9 73
26 41
11 73
30 59
32 23
34 59
29 56
31 24
13 9
24 7
9 67
32 69
8 66
29 26
25 23
18 72
30 47
24 22
41 85
17 71
20 11
16 70
11 74
13 73
24 52
23 47
8 15
27 71
24 74
35 53
6 13
42 86
22 72
16 3
26 48
21 71
29 19
24 30
20 70
27 9
33 73
9 60
28 60
22 60
32 76
8 65
12 15
24 38
7 66
18 75
16 8
14 8
6 59
41 77
26 5
29 45
23 14
40 80
25 42
17 9
13 74
39 83
24 43
11 66
12 75
38 74
7 14
10 10
37 73
13 68
24 73
23 41
23 74
34 51
10 52
27 58
36 86
11 55
34 77
10 54
20 77
5 53
24 16
30 71
8 56
29 76
14 2
31 76
25 9
24 19
10 64
28 73
22 8
17 57
29 30
5 65
25 35
42 75
28 31
4 60
15 55
23 45
25 61
11 2
37 74
30 21
36 75
12 56
23 17
34 42
22 58
15 3
26 58
36 49
21 57
32 52
10 65
27 33
31 47
15 9
26 36
48 86
29 21
34 54
19 56
25 37
33 69
28 64
30 24
32 56
12 3
29 23
23 12
31 59
25 28
46 86
11 14
30 50
24 33
33 55
21 14
23 34
13 15
25 54
