200
10 10
13 16
5 13
27 8
31 5
26 11
6 20
21 14
21 9
13 9
25 6
7 19
19 10
8 12
23 7
8 18
18 9
14 18
4 13
1 14
29 10
30 6
27 11
24 11
18 3
20 3
6 14
14 15
10 18
15 16
12 13
24 17
17 13
3 14
13 18
20 15
25 11
19 3
20 9
22 11
6 11
17 9
8 15
12 12
2 14
29 7
14 9
31 9
26 7
30 10
26 2
19 6
20 6
23 12
16 8
17 8
15 17
12 8
15 5
10 11
29 6
14 6
32 5
8 10
28 5
24 18
21 13
30 7
25 5
7 18
19 9
20 7
26 8
9 19
5 12
14 19
22 5
11 12
12 17
11 17
15 8
22 17
29 9
32 10
8 11
27 10
29 4
26 9
30 4
25 4
7 13
6 21
20 4
9 18
14 16
10 19
15 15
29 3
3 13
13 17
32 11
20 16
15 12
6 15
7 16
24 13
3 12
14 13
2 15
29 2
9 10
28 9
7 12
24 14
23 15
24 3
26 3
19 5
23 10
30 5
8 9
16 5
17 7
11 7
16 4
29 5
14 7
8 7
24 15
27 3
23 11
21 11
7 17
19 8
20 8
8 16
18 12
22 6
10 15
16 10
11 10
12 18
27 2
24 12
18 13
27 9
26 10
21 10
25 3
7 20
14 17
22 12
15 14
23 16
6 16
7 15
17 12
14 14
12 9
10 17
10 12
12 16
14 12
17 14
3 15
28 10
21 7
31 4
24 4
26 4
6 13
22 10
4 14
17 10
26 12
6 12
29 8
14 8
8 8
11 9
23 17
28 11
31 10
26 6
17 11
21 15
21 6
24 5
25 7
26 1
19 7
20 5
22 4
19 2
22 13
22 7
10 16
1 15
12 7
15 6
