138
493
1 36
2 45
3 74
4 18
5 36
6 18
6 21
6 36
6 45
6 74
6 136
7 18
7 36
7 74
7 81
7 91
7 99
7 116
7 118
7 135
7 136
7 138
8 18
8 132
9 18
9 83
9 89
9 135
9 136
9 138
10 95
10 98
11 18
11 36
11 74
12 61
12 95
12 104
13 18
13 36
13 103
14 74
14 78
14 135
15 18
16 18
16 20
16 33
16 36
16 74
16 138
17 20
17 74
17 78
17 135
18 19
18 20
18 21
18 23
18 26
18 28
18 29
18 31
18 33
18 35
18 36
18 39
18 40
18 41
18 44
18 45
18 46
18 50
18 51
18 53
18 55
18 59
18 62
18 63
18 64
18 68
18 72
18 74
18 75
18 76
18 78
18 79
18 80
18 81
18 83
18 85
18 87
18 88
18 89
18 90
18 91
18 92
18 95
18 96
18 99
18 100
18 103
18 105
18 107
18 108
18 113
18 114
18 116
18 118
18 121
18 123
18 127
18 130
18 132
18 135
18 136
18 138
19 74
19 78
19 89
19 136
19 138
20 21
20 29
20 30
20 33
20 36
20 46
20 68
20 74
20 78
20 92
20 95
20 130
20 135
20 136
20 138
21 36
21 44
21 68
21 74
21 78
21 92
21 136
21 138
22 54
22 72
22 95
24 72
24 116
25 72
25 95
25 122
26 36
26 64
26 95
26 136
27 30
28 36
28 72
28 79
29 30
29 74
29 95
29 127
29 135
29 138
30 69
30 72
30 74
30 95
32 57
32 70
32 72
32 73
32 77
32 101
33 36
33 54
33 64
33 72
33 74
33 78
33 89
33 95
33 100
33 120
33 138
34 61
34 94
34 95
34 100
35 64
35 90
36 37
36 45
36 48
36 51
36 52
36 59
36 64
36 66
36 71
36 72
36 74
36 76
36 77
36 79
36 80
36 81
36 83
36 85
36 89
36 91
36 93
36 95
36 99
36 100
36 103
36 106
36 108
36 115
36 116
36 118
36 125
36 127
36 133
36 135
36 136
36 137
36 138
37 72
37 77
37 95
37 116
38 72
38 95
40 62
40 64
41 127
42 133
43 122
44 74
45 61
45 64
45 74
45 82
45 95
45 115
45 127
45 136
45 138
46 68
46 74
46 130
46 138
47 72
47 84
47 95
47 138
49 72
49 116
49 131
49 133
49 137
50 96
51 76
51 95
51 99
51 100
52 106
52 116
53 85
53 118
53 134
53 138
54 57
54 64
54 67
54 70
54 72
54 77
54 95
54 100
54 120
54 138
55 92
55 123
56 72
57 70
57 72
57 73
57 77
57 101
58 85
58 89
58 126
58 138
59 74
59 83
59 135
59 136
59 138
60 74
60 117
60 135
61 82
61 94
61 95
61 100
61 104
62 64
63 83
64 72
64 90
64 95
64 120
64 136
64 138
65 74
65 95
65 135
67 72
67 77
68 74
68 130
68 138
69 86
70 72
70 73
70 77
70 95
70 101
70 116
72 73
72 74
72 77
72 79
72 84
72 85
72 89
72 93
72 95
72 100
72 101
72 102
72 106
72 108
72 109
72 110
72 111
72 112
72 116
72 120
72 122
72 131
72 133
72 138
73 77
73 101
74 75
74 78
74 81
74 83
74 85
74 89
74 91
74 92
74 95
74 99
74 105
74 108
74 116
74 117
74 119
74 123
74 127
74 130
74 135
74 136
74 138
76 95
76 99
76 100
77 95
77 101
77 116
78 89
78 92
78 99
78 123
78 135
78 136
78 138
79 95
81 91
81 99
81 116
81 135
81 136
81 138
82 95
83 89
83 135
83 136
83 138
84 102
85 89
85 108
85 118
85 126
85 134
85 135
85 136
85 138
89 108
89 126
89 135
89 136
89 138
91 99
91 116
91 135
91 136
91 138
92 123
93 95
93 97
93 115
93 136
94 95
94 100
95 97
95 98
95 99
95 100
95 104
95 106
95 108
95 109
95 110
95 115
95 116
95 120
95 122
95 124
95 135
95 136
95 138
97 115
98 124
99 100
99 116
99 135
99 136
99 138
100 110
106 108
106 116
106 133
108 135
108 136
108 138
109 116
109 133
109 137
111 133
112 116
112 120
112 138
115 136
116 128
116 131
116 133
116 135
116 136
116 137
116 138
117 135
118 126
118 138
119 135
120 138
126 138
127 138
128 133
129 135
130 138
131 133
134 138
135 136
135 138
136 138
