150 12 229
0 1 2 1 4 5 5 7 8 9 10 11 12 13 13 15 16 17 18 19 20 21 22 23 24 24 24 27 28 22 30 17 16 33 34 33 36 7 38 38 0 41 41 43 44 44 46 46 48 48 50 48 52 52 52 55 56 57 57 57 60 61 61 63 63 65 66 67 68 67 70 70 72 73 73 75 76 76 78 79 78 81 82 83 84 84 86 86 88 86 90 91 92 93 94 95 96 95 98 98 98 101 98 103 104 104 106 106 108 109 110 110 112 113 113 115 116 116 118 119 120 121 120 123 123 125 126 127 127 125 130 131 130 133 134 134 136 136 118 139 116 108 142 142 144 145 145 90 60
1 1 1 1 1 1 1 1 2 2 2 2 3 3 3 3 3 3 4 4 4 4 5 5 5 5 5 5 5 6 5 5 4 3 4 4 4 4 2 2 2 1 1 1 1 1 1 2 2 2 2 2 2 2 2 2 2 3 3 3 3 3 3 3 3 3 4 4 4 4 4 4 4 5 5 5 5 4 5 5 6 5 6 6 6 6 6 7 7 7 7 7 7 7 8 8 8 8 8 8 8 8 8 8 8 9 6 9 9 9 9 10 10 10 10 10 10 10 10 11 11 11 11 11 11 11 12 12 12 12 12 12 12 12 12 12 12 12 12 12 11 10 9 9 9 10 10 10 7 3
1
1
1
1
1
1
1
1
2
2
2
2
3
3
3
3
3
3
4
4
4
4
5
5
5
5
5
5
5
6
5
5
4
3
4
4
4
4
2
2
2
1
1
1
1
1
1
2
2
2
2
2
2
2
2
2
2
3
3
3
3
3
3
3
3
3
4
4
4
4
4
4
4
5
5
5
5
5
9
5
6
5
6
6
6
6
6
7
7
7
7
7
7
7
8
8
8
8
8
8
8
8
8
8
8
9
9
9
6
2
9
10
10
10
10
10
10
10
10
11
11
11
11
11
11
11
12
12
12
12
12
12
12
12
12
12
12
12
12
11
11
10
9
9
9
10
10
10
7
3
1
1
1
1
1
1
1
1
2
2
2
2
3
3
3
3
3
3
4
4
4
4
5
5
5
5
5
5
5
6
5
5
4
3
4
4
4
4
2
2
2
1
1
1
1
1
1
2
2
2
2
2
2
2
2
2
2
3
3
3
3
3
3
3
3
3
4
4
4
4
4
4
4
5
5
5
5
5
5
5
6
5
6
6
6
6
12
7
7
7
7
7
7
7
8
8
8
8
2
8
8
8
8
8
8
9
9
9
9
9
9
10
10
10
10
10
10
10
10
11
11
11
11
11
11
11
12
12
12
12
12
5
12
12
12
12
12
12
12
11
11
10
9
9
9
10
10
10
7
3
1
1
1
1
1
