1000 300 1745000
913 937
671 913
295 913
244 937
57 244
14 671
28 295
244 253
180 244
253 658
671 836
253 352
623 671
511 913
243 511
122 352
623 787
836 900
57 401
68 243
623 681
493 511
665 681
180 748
253 361
157 748
7 122
401 869
68 893
157 654
801 900
70 654
298 654
626 900
493 548
173 869
218 493
124 298
654 776
158 218
211 748
7 459
157 183
158 727
211 376
124 482
7 564
524 564
696 776
140 564
459 601
548 669
238 524
259 548
439 727
218 657
669 851
183 858
158 785
140 780
259 351
644 669
288 696
0 376
785 965
780 815
502 780
103 785
502 952
23 669
726 780
11 815
238 326
11 954
517 858
624 785
18 288
635 644
61 326
570 815
18 609
312 502
502 824
335 815
112 326
43 624
112 276
314 954
23 380
312 804
499 517
635 931
43 760
431 804
312 457
624 831
18 964
537 635
112 767
354 499
112 264
767 927
264 977
309 977
264 543
582 964
309 675
828 977
115 931
375 804
162 264
964 992
964 967
233 457
92 375
370 537
77 964
967 991
264 616
370 647
599 991
115 189
25 647
582 861
828 942
77 588
375 792
400 616
876 991
808 942
616 863
247 792
189 300
189 204
400 871
181 647
155 189
151 871
647 994
574 863
840 861
25 668
181 461
300 949
54 461
400 590
181 576
102 151
81 863
248 576
273 576
155 556
54 454
49 155
566 949
187 668
556 790
169 461
358 566
358 678
42 840
301 461
187 989
348 566
594 790
168 169
176 790
49 544
49 260
187 806
546 989
209 989
221 790
566 986
191 544
544 733
267 358
663 678
185 733
386 806
546 896
260 450
209 966
31 191
267 841
289 896
221 363
697 986
860 966
432 663
546 553
980 986
553 848
663 756
191 714
271 966
756 943
756 826
271 611
206 697
206 817
236 826
611 898
39 714
721 841
814 860
129 363
409 980
272 848
756 782
153 756
150 153
33 943
308 611
236 364
418 817
206 891
33 58
423 891
93 364
93 747
184 782
437 747
178 423
184 488
144 782
302 891
418 872
40 891
184 807
476 807
123 144
242 872
357 488
807 914
123 530
196 437
479 807
46 488
73 488
438 807
46 106
127 302
46 167
106 371
328 371
46 539
208 539
357 617
371 700
536 914
127 888
421 536
226 371
226 850
299 536
73 320
320 627
22 208
617 924
685 850
518 539
226 890
732 924
465 627
701 850
32 732
297 617
303 890
198 850
41 297
217 421
320 999
8 465
347 518
732 886
179 297
13 297
701 830
8 284
303 907
652 701
262 886
105 284
297 378
865 999
71 284
347 415
105 322
130 378
130 723
130 362
347 387
105 251
105 839
71 761
466 723
232 652
96 262
261 865
322 407
322 959
232 372
15 865
251 560
130 944
442 839
130 131
387 388
715 839
256 442
388 975
442 720
205 839
754 944
710 959
131 410
245 410
407 765
449 975
507 754
560 637
715 932
443 765
560 778
410 569
84 443
205 981
558 637
638 720
455 558
219 932
638 884
754 948
691 948
84 97
148 569
430 981
296 638
270 691
686 778
430 555
455 680
97 525
455 730
716 981
455 706
534 680
148 440
440 838
97 741
440 682
107 706
160 686
631 686
148 428
148 481
453 838
429 631
571 686
509 741
571 798
440 725
440 788
679 730
340 453
166 571
486 534
21 571
343 429
741 825
107 650
160 266
679 928
266 731
166 541
453 877
343 533
667 798
21 79
254 340
137 679
343 915
825 940
342 928
315 928
17 533
659 667
79 532
17 791
940 995
342 670
709 915
291 670
892 915
615 995
197 533
79 496
709 905
170 254
540 940
403 709
784 905
17 575
291 578
100 709
5 709
403 503
403 895
5 947
763 995
870 905
367 870
52 291
197 329
503 750
763 921
422 496
575 866
757 921
473 921
473 474
329 577
433 503
738 750
433 641
172 577
110 738
66 641
699 866
408 763
866 985
422 883
110 899
53 921
310 738
110 758
473 676
172 844
622 641
835 883
36 738
172 572
758 762
608 985
63 172
20 172
333 899
53 717
149 844
149 500
500 579
579 852
116 572
246 835
324 622
194 333
622 634
116 222
324 862
186 333
36 552
579 607
603 852
138 552
605 607
186 724
333 707
213 603
213 587
707 809
116 708
545 605
607 919
90 138
287 862
802 809
215 707
332 724
603 633
633 771
182 213
802 997
215 497
216 545
545 550
385 497
708 935
265 587
708 745
26 809
215 867
497 527
591 802
117 867
26 813
508 802
332 904
633 902
134 182
889 902
200 508
550 554
636 745
508 847
82 550
527 719
117 495
134 411
62 82
99 200
117 565
134 938
62 491
2 99
390 847
225 938
390 598
200 829
777 847
99 356
356 406
491 820
484 847
406 805
356 444
471 805
62 416
491 640
491 930
356 360
435 640
777 925
65 491
360 651
471 968
404 820
30 435
471 936
389 406
389 639
424 471
30 793
404 786
424 573
389 713
65 878
435 480
711 793
307 651
95 713
639 933
404 781
188 711
121 933
48 968
424 958
711 918
958 970
448 639
27 958
692 713
563 933
711 983
625 970
95 470
95 621
542 983
305 563
95 143
448 498
27 779
305 318
318 620
811 958
38 48
755 811
143 392
159 305
139 811
159 336
98 470
156 755
470 516
98 772
470 887
145 498
275 542
305 434
136 755
12 156
145 832
156 894
98 795
505 894
38 683
516 584
139 819
275 751
373 584
64 434
136 945
304 505
64 87
874 894
12 72
523 945
523 687
434 822
87 600
341 894
341 660
64 75
75 619
728 822
334 728
740 819
87 229
29 874
334 695
118 600
770 822
492 728
412 728
29 230
581 728
822 979
161 334
391 660
75 773
334 946
330 770
190 230
128 581
330 856
69 391
856 962
175 773
391 827
128 875
165 770
744 770
279 412
397 827
24 175
734 875
161 399
119 190
125 399
190 882
9 175
69 993
56 125
845 882
531 845
280 882
56 842
210 279
729 882
857 993
125 146
366 729
834 882
89 280
119 374
277 882
9 487
257 374
257 281
374 690
487 929
277 673
583 842
281 800
583 613
469 929
207 374
89 365
207 250
85 690
487 789
487 661
257 513
85 132
490 929
513 797
494 690
212 800
490 596
425 469
292 425
212 447
359 596
395 789
365 648
207 338
338 854
147 854
854 941
595 596
395 766
212 677
78 648
319 677
78 735
338 693
338 464
292 909
475 693
319 953
133 766
177 319
674 766
286 766
174 475
177 816
286 694
319 353
379 766
693 742
94 174
458 735
94 982
231 475
177 864
76 379
94 987
1 987
816 818
377 458
231 445
94 163
142 379
323 987
467 864
76 278
76 135
445 705
142 837
290 742
377 510
163 656
393 982
656 934
483 510
467 688
278 749
142 645
547 645
483 853
323 521
592 688
278 879
321 837
135 512
547 794
290 384
510 759
515 656
321 998
510 653
313 321
108 759
759 846
321 331
227 313
141 653
520 853
111 998
512 897
879 972
331 666
141 984
268 384
313 969
164 653
774 969
643 897
60 111
643 799
535 984
398 972
227 973
417 969
141 974
164 768
501 799
398 901
568 969
164 646
199 568
164 452
164 990
382 973
199 912
463 973
199 868
398 978
417 662
775 912
45 452
199 485
662 821
646 906
803 912
235 978
45 228
703 906
241 906
239 803
109 452
6 228
662 957
775 976
50 775
249 821
703 873
350 976
478 803
6 451
214 906
274 821
350 618
50 922
239 557
451 477
468 557
344 873
55 478
274 916
557 796
6 504
478 955
456 796
478 833
796 961
528 955
468 702
55 881
649 916
632 881
203 504
419 477
344 381
344 996
456 736
381 593
193 649
369 649
114 649
339 649
903 996
881 910
736 988
702 783
37 988
629 736
369 963
114 223
114 258
74 910
764 963
202 258
10 629
4 783
339 612
551 910
4 34
672 764
664 903
37 698
405 664
37 602
698 743
612 823
120 963
202 739
426 739
612 810
602 880
368 743
47 426
311 743
311 604
154 672
739 923
698 920
285 368
35 368
192 743
522 739
120 606
585 602
44 920
83 739
349 426
192 234
88 920
413 923
282 920
269 285
44 220
234 514
585 689
224 349
195 522
201 689
101 285
689 737
51 201
44 436
294 514
51 460
317 460
224 355
234 562
460 722
586 737
355 506
269 561
549 737
294 753
506 908
317 971
908 917
201 519
346 917
86 561
436 911
113 562
414 911
460 859
460 769
104 414
561 855
597 722
549 712
104 610
567 911
519 951
642 855
240 519
16 712
345 917
939 951
383 859
283 346
263 855
283 420
642 956
630 956
420 446
263 849
383 885
327 885
3 263
446 746
3 472
325 567
402 956
16 704
67 939
580 956
325 812
3 126
489 704
59 126
589 704
655 849
752 956
293 580
427 849
529 849
316 529
394 489
306 394
427 843
394 684
80 812
843 926
19 293
441 843
152 489
19 538
171 529
427 950
427 960
293 396
152 252
19 559
80 237
306 526
526 628
559 718
91 252
441 614
255 684
337 614
252 462
