1000 100 2690000
193 319
319 472
472 984
193 754
193 921
319 856
851 921
472 986
472 646
193 562
339 986
663 984
856 920
43 663
29 986
305 339
393 663
393 521
305 549
285 339
532 646
203 562
408 646
50 393
549 805
651 920
556 562
468 562
476 805
96 521
29 581
50 564
912 920
43 906
207 906
8 468
677 805
12 556
408 464
912 941
8 669
96 857
468 750
293 464
23 906
669 691
613 941
23 141
442 750
230 857
334 677
464 741
683 941
207 655
442 711
669 786
12 973
439 941
23 280
357 655
414 683
479 786
517 973
594 655
47 691
403 594
854 973
752 973
434 439
124 403
822 854
395 414
114 683
262 711
88 280
357 737
395 830
439 455
44 124
357 673
517 966
275 822
212 822
172 966
822 937
172 210
255 937
275 425
880 937
395 668
88 297
172 848
114 661
255 926
275 457
612 668
612 960
457 865
297 850
457 728
251 668
352 926
478 850
478 615
251 422
337 865
611 728
337 679
488 679
256 850
847 850
536 848
477 661
536 818
197 477
123 847
134 536
265 478
123 548
536 716
678 818
159 488
92 679
611 975
197 217
15 611
614 847
256 530
123 299
509 548
133 975
498 509
299 446
104 123
134 385
316 509
116 498
446 938
446 526
15 633
299 362
54 938
133 321
98 217
4 526
252 321
68 116
321 458
446 740
133 763
54 298
498 641
216 298
298 762
17 362
76 526
216 364
76 475
17 887
231 458
231 775
206 775
4 248
248 713
76 983
232 763
17 36
762 806
363 887
206 953
475 551
279 887
118 806
206 939
36 437
279 554
364 707
264 713
707 943
342 806
983 991
313 363
149 554
767 983
149 522
756 943
270 363
890 991
264 798
757 943
149 188
90 270
703 939
90 886
342 586
703 944
496 757
326 757
181 890
696 890
90 738
767 773
281 703
792 798
294 773
270 483
694 757
586 643
176 294
294 404
555 738
132 281
63 703
281 945
738 888
694 996
95 773
181 599
75 643
591 694
600 945
601 694
600 800
400 591
95 202
10 643
19 694
49 996
19 369
132 287
63 875
75 959
202 332
931 959
782 959
720 996
324 720
287 811
49 566
213 959
91 369
49 469
340 875
19 529
49 435
57 566
91 803
700 931
369 791
784 931
469 618
272 340
286 791
720 722
340 445
791 819
57 271
91 825
435 858
213 225
389 618
80 722
529 915
173 858
315 389
271 301
542 722
271 648
312 389
374 722
222 825
602 915
602 923
166 602
481 923
173 314
271 557
314 913
308 314
474 542
222 227
72 557
474 506
79 227
474 701
158 542
165 602
648 748
222 994
602 902
481 582
72 660
506 918
617 913
308 837
25 79
377 701
147 617
582 833
506 636
147 533
704 837
40 147
56 147
147 898
130 898
146 617
147 372
392 582
31 833
639 704
377 998
151 636
898 928
392 547
40 300
416 928
547 897
300 832
106 533
130 430
372 736
106 980
56 376
113 898
547 727
150 392
919 928
121 980
31 785
376 610
383 897
151 182
382 430
382 441
759 980
111 383
376 507
150 863
121 841
380 610
576 863
153 376
185 759
185 494
290 610
111 899
236 863
441 708
185 254
185 401
61 290
254 351
351 589
236 244
841 844
864 899
32 351
153 355
223 254
790 864
489 589
844 895
32 595
350 844
163 790
350 892
345 708
345 948
345 698
32 440
589 623
892 964
201 892
59 790
183 595
161 345
55 698
623 810
223 940
508 623
55 768
448 892
431 964
345 793
693 892
448 908
609 698
120 964
120 664
177 810
168 810
152 448
659 940
794 810
183 733
409 768
519 659
431 778
184 409
18 431
152 277
18 699
168 449
277 571
353 519
152 226
519 528
664 867
466 794
307 794
277 462
528 947
947 950
571 958
18 45
277 535
307 335
454 947
21 449
83 947
353 407
749 958
175 867
226 433
454 503
433 482
284 958
175 537
20 45
433 742
537 779
471 779
742 869
482 823
749 838
175 932
83 426
115 433
537 680
371 838
295 680
537 862
234 426
115 341
20 596
180 426
596 872
180 367
523 838
42 823
234 990
99 932
463 680
512 596
325 367
42 925
180 604
295 336
180 560
234 260
51 336
525 596
450 525
283 596
463 592
156 872
538 990
119 925
51 801
156 885
99 671
420 604
156 338
604 962
525 910
78 260
538 675
328 336
257 910
328 905
577 592
443 671
420 946
671 726
318 885
119 527
577 804
318 399
291 910
505 962
78 933
200 910
157 933
53 962
588 675
588 828
101 443
567 828
200 687
101 670
588 816
144 726
291 956
101 846
567 976
157 304
160 846
101 540
304 640
101 634
160 309
101 195
765 846
444 588
588 812
101 735
499 812
499 654
160 666
105 812
224 634
241 654
241 379
444 580
976 977
110 499
224 879
580 780
105 860
105 278
379 719
690 765
247 444
241 546
394 690
929 977
379 861
224 745
322 719
167 745
322 647
282 929
237 780
780 987
86 247
859 879
278 429
238 429
705 929
187 745
546 746
690 876
745 797
131 859
187 375
28 861
681 876
303 987
375 418
852 876
746 815
746 839
28 631
686 987
303 561
131 622
28 807
569 686
131 952
543 876
855 876
148 622
515 852
418 625
145 543
358 625
145 470
331 470
550 807
358 826
5 807
331 632
543 603
424 470
245 855
424 870
194 855
64 632
148 658
543 624
46 632
148 220
358 743
388 658
658 878
387 870
826 871
624 712
743 821
46 534
388 485
388 419
743 829
245 250
361 829
220 824
171 658
46 497
388 761
730 821
74 485
220 637
497 518
361 706
366 534
26 761
626 824
436 824
209 824
136 209
436 955
74 697
436 969
0 706
697 845
97 209
26 585
261 637
366 665
501 955
196 585
26 204
366 979
196 831
204 747
0 685
204 788
900 979
760 831
585 971
585 936
840 971
689 845
320 760
845 982
971 974
428 689
219 320
573 982
343 428
951 982
598 689
834 982
138 747
710 760
685 734
459 573
170 320
674 971
935 936
84 710
428 783
689 789
356 834
84 492
356 949
459 552
189 492
390 834
140 834
356 981
552 774
356 653
390 417
360 492
239 949
356 575
67 170
360 368
346 552
771 783
268 368
140 349
258 268
492 524
360 487
140 302
103 140
192 575
774 965
709 771
142 575
346 927
62 575
239 725
724 771
524 649
346 347
259 347
93 347
155 258
93 645
725 813
214 347
199 302
927 930
259 896
117 813
82 142
289 709
155 513
520 724
155 276
513 635
214 770
155 904
3 645
781 930
276 606
112 781
107 781
606 744
164 896
112 934
266 896
107 135
135 447
253 934
510 744
386 447
186 276
164 597
253 545
164 732
112 916
597 988
606 755
490 988
644 732
883 934
266 881
447 942
597 972
266 574
306 988
545 766
253 593
48 972
242 881
143 574
590 942
410 732
461 755
452 732
590 891
1 593
162 891
461 729
162 731
590 692
574 608
137 608
9 242
52 143
125 461
162 246
162 718
85 608
373 608
137 866
808 866
461 572
605 692
650 731
211 572
608 967
125 491
211 317
13 85
52 702
198 491
125 776
198 764
240 605
491 656
34 702
191 240
491 978
702 968
27 605
34 467
817 968
467 553
348 764
154 348
500 656
500 583
348 695
240 652
451 776
578 764
154 333
41 500
240 559
559 922
34 208
531 922
421 968
154 311
413 922
77 413
65 451
87 333
333 563
456 559
41 616
563 836
311 370
233 563
413 995
77 269
233 274
235 995
274 365
365 796
570 995
269 884
884 907
233 893
406 570
2 836
359 563
235 310
616 714
777 884
71 884
267 836
365 739
235 473
460 907
16 406
310 329
310 914
330 907
460 619
739 901
16 874
620 893
100 619
100 843
427 901
229 914
901 970
100 688
70 427
327 843
127 267
620 909
37 619
229 381
327 961
11 843
11 642
877 970
30 620
249 381
38 642
190 970
70 411
432 961
427 889
954 970
688 873
127 629
11 568
273 889
273 423
662 961
38 849
391 873
772 873
565 772
249 415
504 565
228 568
24 565
820 849
89 565
178 423
323 391
24 69
205 391
24 676
108 391
73 178
126 415
621 849
6 415
205 221
565 769
69 128
6 465
89 672
73 292
89 511
205 911
758 769
178 215
263 676
205 835
6 384
378 621
465 721
384 715
292 723
128 999
109 128
179 911
169 511
412 511
128 218
465 894
378 684
412 584
35 894
715 957
109 853
721 992
344 957
493 894
169 997
723 989
607 723
493 814
402 894
139 684
453 997
58 179
753 957
14 58
544 853
397 607
402 480
453 802
795 992
795 963
802 917
587 917
22 344
58 657
139 438
66 402
7 58
14 717
398 402
81 480
438 993
14 579
627 657
630 963
405 438
438 516
296 917
296 354
7 638
495 638
579 682
682 924
438 842
81 102
438 827
398 985
579 667
102 122
243 993
296 799
484 924
33 827
558 985
484 809
405 903
628 799
174 924
751 985
541 638
514 667
539 751
60 903
94 842
39 809
396 809
122 502
541 882
60 288
486 751
288 868
129 541
486 787
