1000 100 2650000
589 621
261 990
209 888
196 639
821 998
347 518
169 300
186 578
65 836
161 481
43 897
499 815
354 823
397 528
337 475
580 865
38 323
286 656
505 944
488 848
263 422
123 986
56 256
318 634
407 621
399 637
167 481
93 806
295 637
31 339
41 546
62 372
719 879
15 173
31 728
451 903
615 753
567 802
658 741
241 801
182 403
630 673
410 566
297 500
518 912
640 745
883 938
581 846
247 292
492 527
734 980
140 915
428 679
259 377
124 128
864 996
230 768
266 753
532 556
278 903
548 632
203 958
488 779
56 416
197 977
89 968
801 821
142 261
363 725
276 826
444 738
193 833
419 537
550 579
433 649
266 544
240 242
598 992
44 431
137 648
423 452
604 813
738 970
359 783
370 986
510 892
296 447
647 896
51 985
574 816
614 882
550 847
161 742
95 388
748 979
274 887
76 967
9 75
191 495
136 372
418 538
393 695
494 692
138 900
383 576
244 963
106 696
221 598
93 742
822 829
188 588
3 43
370 599
140 834
5 685
250 364
129 481
357 440
530 988
68 99
23 181
437 910
426 730
175 793
293 663
239 246
399 672
181 541
864 974
157 691
321 565
497 818
103 952
778 807
184 953
373 670
476 970
171 252
466 600
248 316
416 589
615 966
135 981
643 830
668 987
578 595
592 617
136 164
479 553
76 345
742 809
355 824
264 733
353 745
342 389
31 124
415 432
631 998
470 613
533 594
552 936
867 964
49 349
173 247
55 717
92 151
233 722
225 490
687 929
83 381
733 869
452 863
314 928
292 910
136 497
29 84
90 703
805 899
399 440
394 871
355 668
612 701
339 718
244 290
486 834
718 719
306 346
105 226
289 361
365 426
446 510
433 841
756 979
220 378
560 614
420 686
361 387
263 798
227 876
36 491
511 697
491 556
56 186
666 706
375 878
493 932
728 892
284 993
341 836
192 729
72 225
147 995
74 299
710 814
133 215
292 924
615 812
129 890
914 998
128 421
128 813
528 872
8 671
90 421
652 769
43 91
38 630
472 858
448 570
262 915
547 887
113 909
291 626
629 945
120 732
46 200
624 994
71 506
215 879
226 551
478 939
683 777
731 902
273 562
672 803
615 688
27 536
383 821
483 623
48 361
735 921
559 679
46 987
148 509
690 752
230 931
416 474
580 797
194 617
571 854
318 683
68 964
791 792
298 376
115 990
433 749
384 716
217 355
60 278
427 803
771 772
110 734
431 473
627 868
462 904
819 999
686 794
740 818
117 960
7 470
86 395
548 980
562 575
599 608
5 6
238 326
450 494
16 469
188 406
81 853
307 603
595 613
267 848
456 876
384 674
4 104
448 663
408 655
3 661
742 813
554 730
423 961
377 649
385 676
791 966
375 441
694 907
310 720
811 920
122 737
143 796
434 742
607 925
66 141
138 795
257 427
149 913
14 989
303 361
196 258
310 541
245 350
132 407
83 730
457 501
195 302
771 861
119 127
593 901
269 463
337 428
577 988
419 465
59 765
356 659
77 411
693 919
180 500
483 869
370 719
487 947
329 962
554 681
410 549
101 887
385 563
799 883
165 461
555 657
385 853
248 898
255 391
876 933
190 850
606 785
391 819
135 980
227 960
638 968
192 645
104 265
27 269
182 315
736 757
414 605
28 814
159 901
167 643
90 987
128 790
303 643
484 542
95 619
432 563
444 786
42 821
68 752
320 505
182 891
71 806
77 880
684 861
918 923
187 976
191 384
13 185
48 900
444 988
215 526
231 792
14 991
471 582
605 682
56 997
482 510
101 866
292 730
17 963
558 603
219 562
5 42
618 877
254 742
163 282
578 583
51 260
511 686
86 617
42 126
700 758
21 431
369 556
239 881
704 997
344 697
295 870
476 588
633 858
160 846
72 626
403 608
344 446
21 960
25 201
406 942
306 624
280 572
521 571
575 906
80 780
418 985
360 628
257 563
453 513
747 761
675 947
198 877
469 574
937 996
519 937
341 556
228 369
217 692
182 916
701 893
36 669
40 406
365 377
197 811
160 182
363 422
184 550
817 850
324 650
825 830
859 921
606 808
57 314
205 813
716 970
261 420
44 863
292 801
472 481
14 669
609 615
719 734
5 337
548 972
238 467
344 684
157 449
281 521
586 664
286 675
153 957
82 749
693 733
181 552
37 176
754 975
157 312
666 679
23 195
650 721
319 896
645 706
158 998
395 424
315 426
447 933
114 423
13 903
88 120
223 823
328 361
330 861
273 860
341 529
146 401
411 848
112 804
0 660
148 475
385 859
177 878
613 674
9 878
924 963
433 676
696 964
370 390
598 844
355 474
652 751
620 965
372 897
610 678
51 57
41 201
74 90
653 712
106 824
86 357
57 849
127 879
4 329
247 711
803 815
577 598
54 994
210 907
103 749
531 928
142 640
447 774
2 972
77 284
539 658
508 736
465 806
199 259
434 906
781 995
490 704
54 524
522 592
3 469
583 736
208 604
131 681
139 971
483 850
558 830
121 830
283 440
341 866
29 203
48 172
78 915
611 848
439 713
315 705
137 377
295 976
114 668
445 501
343 594
606 909
265 269
877 951
342 778
194 346
12 747
526 665
236 958
60 870
563 764
842 955
115 937
621 644
487 584
142 281
478 771
166 249
61 835
733 755
190 978
757 911
611 834
330 678
74 206
468 835
829 877
225 984
368 798
55 859
409 487
280 515
115 582
184 267
71 171
362 668
404 909
307 635
316 904
119 938
689 999
147 933
48 246
313 811
749 756
104 434
620 771
571 944
233 368
149 565
83 143
118 553
78 793
270 768
57 902
391 970
333 742
60 242
759 778
257 912
594 780
536 612
51 701
593 884
547 657
71 855
146 560
234 323
753 884
58 484
316 386
59 799
515 713
590 950
757 925
515 556
520 742
73 340
52 474
230 714
186 459
131 529
349 379
555 834
44 76
84 452
567 691
615 752
45 982
121 828
375 786
145 693
116 229
46 945
355 453
600 996
106 248
169 401
0 722
816 946
1 661
63 327
41 168
612 677
84 233
283 754
325 603
155 986
534 609
28 476
426 567
351 352
743 821
394 483
629 733
402 417
724 794
73 481
739 857
146 820
434 698
43 70
573 747
132 455
468 585
778 991
640 776
394 445
181 976
480 658
773 834
120 302
61 397
456 808
260 551
516 666
252 784
208 380
33 88
210 703
282 817
9 118
213 578
297 919
249 899
413 515
804 934
378 887
467 851
245 560
217 948
766 841
54 166
888 889
835 841
139 519
812 977
443 932
144 431
222 676
324 835
748 845
169 721
832 949
567 655
358 638
426 905
135 382
149 258
597 986
485 566
462 514
652 995
462 973
32 229
16 434
336 811
584 833
587 607
183 424
405 524
154 845
98 979
336 918
839 842
706 782
202 679
365 618
108 144
130 497
31 886
326 849
359 914
8 956
714 856
656 794
531 683
447 969
124 739
160 393
96 159
138 865
601 690
209 255
489 676
219 573
284 843
627 822
241 746
220 941
402 424
419 461
509 543
174 428
100 879
87 436
250 803
393 741
55 379
270 665
308 364
469 498
150 191
561 736
107 776
99 533
95 300
356 427
673 719
486 586
166 301
170 785
226 789
107 309
99 502
297 317
484 941
740 922
801 968
63 660
445 885
196 429
484 654
410 780
355 639
348 788
460 862
111 265
156 250
287 337
288 983
179 716
128 712
293 887
487 523
523 873
708 743
85 441
37 374
353 647
709 959
102 985
776 895
523 935
211 867
651 859
355 527
956 999
335 735
670 801
641 811
168 189
441 810
232 798
32 241
635 737
243 518
141 564
313 493
176 582
330 874
760 930
207 446
97 703
534 662
94 507
460 850
178 506
11 586
112 482
81 832
212 971
875 979
276 442
503 795
437 438
698 927
642 678
243 926
137 770
24 352
31 957
110 334
418 831
10 96
758 896
218 966
419 545
288 549
280 727
103 360
168 931
245 398
665 982
97 268
43 838
25 625
512 836
141 627
279 618
310 517
943 979
64 120
477 878
204 899
505 842
659 827
66 726
45 504
0 929
309 723
198 535
461 591
410 702
30 163
18 341
545 744
277 331
281 760
162 449
87 166
354 846
178 392
306 371
253 326
611 699
26 724
305 724
24 788
338 610
304 605
67 553
134 614
65 709
294 692
109 803
94 670
496 761
276 940
20 70
622 775
536 540
39 214
94 125
106 271
112 224
438 908
19 297
313 940
92 458
550 788
207 557
477 622
888 954
53 952
272 593
235 424
701 800
376 486
22 798
243 251
285 857
888 950
400 957
568 617
275 297
237 610
311 528
92 773
414 724
497 667
189 616
69 283
39 557
196 412
331 957
583 762
602 754
464 722
353 707
50 711
396 757
192 852
251 767
216 387
593 840
435 905
152 312
216 894
225 596
10 750
293 837
392 787
47 890
430 592
587 680
296 715
256 367
318 525
636 838
541 569
185 646
79 673
322 580
751 763
332 647
35 833
425 916
35 366
34 707
204 917
171 454
