1000 300 1755000
309 654
199 531
281 680
158 171
825 976
145 232
354 965
156 654
467 699
246 858
1 528
195 891
135 237
389 452
553 849
185 947
347 446
173 787
397 501
52 914
243 493
175 295
20 222
379 863
31 743
81 818
715 734
462 877
82 851
318 706
273 904
489 912
597 709
728 893
484 594
678 803
340 570
494 677
103 972
655 779
475 745
181 856
879 910
508 869
80 630
569 848
593 889
151 936
21 63
14 477
66 153
102 579
270 330
37 554
301 490
325 493
498 668
621 803
120 193
613 773
8 500
113 921
57 864
43 693
270 829
532 999
442 865
232 862
30 54
187 921
452 692
337 664
229 947
401 591
238 345
258 783
297 870
244 597
675 723
234 918
21 902
71 566
515 740
269 896
385 992
738 910
8 973
164 540
215 413
162 235
475 858
523 720
358 950
542 845
33 705
346 663
362 696
132 195
548 702
213 281
198 792
104 912
163 771
228 907
129 638
522 622
95 501
726 798
114 371
42 845
291 736
106 413
60 918
580 678
498 632
585 748
506 566
62 363
275 660
59 352
1 752
655 959
381 490
102 845
638 692
608 758
500 805
458 925
484 999
708 715
53 706
445 750
567 828
533 715
518 878
282 688
144 350
407 723
174 684
53 239
142 736
159 906
923 964
216 247
69 253
159 707
596 639
709 984
590 654
609 686
58 837
182 973
184 501
234 890
426 635
8 54
469 561
115 651
648 967
211 763
589 623
808 820
178 789
245 806
484 684
421 520
531 728
306 695
67 415
366 638
467 564
324 627
327 716
262 874
68 488
139 231
271 837
209 325
61 186
560 988
243 739
88 425
123 528
82 381
662 844
420 736
5 445
369 723
187 552
33 49
94 663
79 623
405 493
481 639
463 605
688 891
841 902
321 570
540 815
111 257
711 771
406 438
426 838
102 332
406 750
302 991
241 620
96 561
750 847
40 407
173 349
188 515
169 633
203 797
600 799
185 362
376 807
281 942
370 386
180 372
73 221
636 910
515 923
39 98
173 385
404 568
486 570
336 764
611 811
414 857
373 611
218 571
840 901
82 376
89 776
680 909
280 373
212 621
823 923
414 580
605 761
337 402
676 927
279 785
84 973
74 495
75 599
779 793
155 545
248 600
524 567
248 623
5 213
23 187
295 648
649 858
227 353
741 746
567 849
586 942
86 580
291 486
693 888
792 846
565 719
254 387
264 768
132 661
803 976
271 404
503 592
118 918
481 850
106 674
882 887
762 824
420 788
77 625
463 826
765 865
0 143
215 804
87 392
409 538
416 448
139 984
649 744
330 624
624 649
317 580
306 477
613 658
227 747
303 622
243 555
210 572
159 504
36 811
11 441
70 643
272 556
711 745
462 545
852 877
276 321
517 532
441 891
7 846
160 773
418 550
241 702
49 587
387 828
24 471
68 301
724 816
887 949
417 858
790 807
307 463
286 678
856 959
123 452
449 883
109 743
366 369
69 304
782 794
746 765
172 706
329 878
290 497
84 328
771 974
419 474
125 665
709 924
500 568
10 289
175 287
22 155
456 998
758 938
294 315
353 669
595 819
128 717
267 407
31 255
230 676
82 708
266 599
182 919
80 985
571 657
482 979
351 462
22 882
959 963
31 552
89 913
302 337
222 248
101 584
216 675
411 429
360 516
292 827
139 508
552 579
824 853
4 770
849 974
115 238
822 923
541 981
0 686
238 893
345 402
347 509
765 893
79 800
302 930
316 355
277 291
754 801
25 142
345 892
139 739
374 563
60 364
630 930
45 770
157 435
152 653
305 959
519 522
615 935
13 575
310 312
865 984
864 871
155 470
65 540
700 900
30 148
713 813
409 969
498 862
89 847
51 286
729 774
305 919
446 644
49 697
193 712
98 674
916 920
211 836
86 770
586 675
452 973
104 930
530 659
60 603
209 458
84 246
337 717
129 685
436 750
749 846
332 925
238 967
260 701
370 505
325 823
53 592
83 810
174 308
534 861
226 681
198 835
91 732
291 529
790 975
84 490
561 590
258 646
203 784
643 947
662 680
727 875
37 756
293 835
6 128
739 950
198 870
125 745
293 481
603 968
279 961
537 621
286 717
500 661
669 873
46 526
634 976
161 417
433 792
363 876
167 738
207 728
99 844
446 648
48 913
16 402
562 857
606 896
121 787
763 827
403 409
139 757
618 664
236 480
493 818
216 657
494 761
784 976
366 823
206 669
175 922
125 356
725 985
36 63
345 957
710 838
259 896
186 611
367 881
20 872
602 773
10 899
323 481
22 58
626 704
71 953
201 466
529 915
70 117
606 838
679 769
437 992
245 833
773 905
38 215
138 244
100 883
90 473
229 649
686 986
27 196
785 842
192 713
541 807
642 773
724 869
206 377
51 989
63 622
473 907
554 916
153 256
468 805
570 575
581 715
329 492
347 946
551 596
12 70
185 496
5 809
181 596
54 180
275 957
491 650
335 765
442 906
336 504
319 738
480 506
463 526
69 966
315 924
302 800
523 853
144 831
49 459
158 761
715 904
398 896
412 417
465 641
487 909
61 677
300 866
307 644
136 361
433 666
119 205
260 549
224 839
493 783
581 951
7 453
773 993
771 832
217 465
165 978
427 688
171 684
128 727
111 587
668 799
472 630
705 929
677 804
368 693
515 772
192 287
87 466
424 810
214 817
667 678
43 191
297 322
312 837
93 208
660 759
273 518
107 502
205 716
108 122
409 801
247 428
427 914
104 576
431 971
296 577
220 424
258 449
362 486
219 416
346 364
121 758
200 262
399 425
148 391
681 914
193 900
787 804
622 760
183 839
34 61
436 908
458 889
48 735
46 726
201 963
24 877
542 671
948 966
480 550
734 820
368 937
16 768
213 986
108 927
279 508
357 791
448 712
499 717
341 975
253 543
312 763
184 737
79 355
102 338
485 684
164 728
249 932
280 587
505 632
366 714
698 773
742 828
394 591
725 918
31 658
70 105
85 569
290 889
156 945
617 786
83 250
564 607
298 763
137 195
117 693
196 770
670 698
4 395
530 648
110 356
434 847
588 710
85 500
190 549
408 892
359 964
570 729
347 838
228 600
258 683
5 401
817 865
181 363
281 491
236 880
265 403
455 966
44 194
3 778
724 948
311 873
805 995
45 319
211 311
48 431
777 864
219 635
636 983
224 690
228 840
424 603
511 535
533 652
510 862
302 388
261 605
516 627
290 461
432 875
558 970
239 416
309 819
457 469
682 934
811 860
313 334
534 588
133 468
18 757
789 853
217 956
396 996
464 511
114 969
721 795
75 803
112 577
823 899
106 830
239 802
301 626
304 970
447 546
71 226
619 997
36 864
474 495
645 727
78 652
142 943
256 709
528 629
249 963
43 625
51 344
400 461
288 578
319 884
342 780
408 656
396 633
288 933
67 469
607 795
44 287
96 913
11 331
527 650
628 926
515 612
22 32
769 771
496 557
112 870
464 873
360 781
252 567
946 954
305 731
758 934
274 443
45 523
554 878
141 217
68 454
393 857
166 437
814 946
368 733
2 254
456 672
674 690
15 794
617 868
103 649
107 180
273 578
751 800
417 604
74 147
409 706
440 535
342 347
324 527
159 556
901 977
150 612
50 210
165 387
679 737
237 907
456 466
721 783
725 895
76 568
127 758
64 707
267 410
176 182
19 612
152 188
867 925
17 737
291 987
512 943
19 701
15 743
295 791
334 697
147 376
92 258
208 946
777 952
110 411
210 469
614 913
296 479
619 734
261 283
345 399
582 604
346 390
962 968
523 539
405 996
628 943
87 482
106 263
567 874
944 965
318 444
416 546
461 507
305 821
285 473
47 905
46 778
130 981
590 982
708 980
329 988
196 320
637 729
144 659
378 523
202 432
377 854
170 690
55 952
140 537
8 863
775 865
325 702
375 770
795 812
348 711
235 469
640 779
64 374
103 722
544 663
131 836
719 852
154 910
23 944
412 994
224 547
230 393
91 688
69 647
278 681
265 314
29 862
955 965
37 855
384 650
451 746
14 44
584 971
368 931
536 673
62 333
753 772
478 574
640 748
44 859
778 866
124 368
367 895
435 799
126 208
834 847
352 590
559 845
677 718
675 833
361 742
160 917
382 860
179 710
197 759
703 997
311 755
116 383
190 941
86 936
131 483
885 897
347 601
251 641
117 767
380 600
514 726
935 954
35 410
216 478
888 897
149 397
339 834
399 610
430 621
41 150
73 409
586 631
827 956
299 712
52 204
389 939
97 311
119 764
383 822
177 449
325 421
137 766
352 521
476 924
22 894
98 617
44 343
274 886
583 937
622 843
493 525
56 202
256 990
903 973
898 911
240 725
365 688
534 886
460 585
134 779
176 573
236 694
242 421
135 268
456 598
101 284
326 994
417 691
509 911
26 107
146 570
9 602
501 730
4 940
260 928
177 422
233 752
28 342
23 796
892 958
52 536
189 347
72 229
397 450
121 960
189 225
687 818
486 513
502 689
423 506
161 439
600 616
223 898
168 450
