1000 100 2900000
134 719
134 702
119 719
702 787
119 275
275 440
275 484
436 484
375 436
88 375
88 912
198 912
17 198
17 84
17 700
84 292
700 962
79 292
643 962
79 825
720 825
720 935
510 720
510 920
510 571
441 920
454 571
240 441
240 728
238 240
238 595
238 657
169 657
101 169
118 169
118 999
256 999
122 999
256 268
122 603
15 268
269 603
15 194
194 250
194 721
250 314
408 721
121 408
408 626
121 817
570 817
160 817
343 570
181 343
181 574
574 822
351 574
190 351
190 310
310 453
377 453
377 491
323 491
491 731
323 809
596 809
13 809
9 596
9 805
47 805
47 948
751 948
682 751
209 751
209 918
209 977
799 977
29 977
126 799
29 678
205 678
177 678
158 177
177 182
182 667
473 667
667 804
804 906
344 906
387 906
344 572
572 871
449 572
178 449
178 584
178 476
283 476
476 594
135 283
68 135
135 405
68 780
159 405
65 159
159 812
65 785
321 812
569 785
124 569
124 691
124 234
234 903
234 951
674 951
443 674
185 443
185 424
185 223
154 223
223 613
154 155
155 265
252 265
252 545
252 952
95 545
309 952
95 132
309 398
132 987
398 976
692 987
347 976
62 692
347 430
430 797
152 797
364 797
364 978
404 978
404 656
404 654
656 845
241 654
241 705
241 591
677 705
541 677
316 541
541 712
196 712
196 741
196 709
741 796
298 796
298 606
298 381
381 504
381 723
391 504
99 391
391 889
73 889
889 946
73 157
525 946
130 525
40 130
40 648
220 648
220 880
243 880
77 243
243 411
411 853
162 411
162 254
254 773
773 919
773 792
362 792
362 942
500 942
630 942
176 630
117 630
117 931
117 800
272 931
272 718
78 718
78 933
933 993
470 933
501 993
470 776
409 501
511 776
511 601
601 685
601 615
447 685
417 447
447 616
581 616
27 616
215 581
27 327
103 327
226 327
103 280
280 961
459 961
373 961
373 726
373 495
460 495
495 589
376 589
36 589
376 870
378 870
864 870
378 743
638 743
20 638
20 164
20 45
45 104
45 308
308 994
151 308
174 994
174 331
331 332
300 331
300 315
230 315
230 536
230 517
517 767
366 517
366 891
31 891
624 891
31 113
113 820
457 820
346 457
457 957
762 957
762 944
847 944
633 847
566 633
566 795
446 795
446 846
446 941
108 941
39 108
108 435
39 831
25 831
25 834
25 35
227 834
35 129
148 227
129 425
425 983
425 929
397 929
929 986
96 397
96 707
464 707
578 707
464 701
359 701
325 701
305 325
305 632
50 632
632 862
535 862
395 535
395 873
395 775
824 873
775 852
334 824
561 852
561 593
561 744
471 593
82 471
471 872
82 770
482 770
482 542
72 482
542 640
640 861
255 640
710 861
255 469
710 769
469 975
389 975
513 975
513 716
716 733
423 733
629 733
423 478
442 478
442 844
844 972
745 844
281 972
745 923
281 419
419 653
419 992
653 690
553 690
553 892
237 553
237 502
502 695
263 695
263 838
105 838
838 857
90 105
90 296
90 644
296 356
356 782
782 899
611 782
259 611
611 883
639 883
100 883
100 989
100 168
173 989
168 422
422 750
422 475
428 475
428 675
22 428
506 675
506 763
506 671
258 763
671 823
211 823
225 823
211 303
225 774
210 303
210 345
345 828
636 828
396 828
361 396
144 396
144 662
662 907
560 662
560 904
904 997
688 997
149 688
149 855
149 894
621 855
621 821
652 821
379 652
652 806
567 806
69 806
69 206
206 260
260 866
166 260
866 990
166 355
64 990
355 849
273 849
664 849
552 664
552 660
552 661
208 661
661 854
52 854
93 854
93 465
465 487
465 575
575 612
61 575
61 694
61 564
694 971
48 564
659 971
48 742
742 778
261 742
261 623
623 810
202 810
202 622
368 622
368 783
368 925
127 783
433 925
199 433
26 433
163 199
26 109
163 937
109 960
801 960
801 934
934 955
483 934
297 483
483 914
94 297
94 555
94 479
479 534
479 902
518 534
231 902
306 518
304 306
306 371
304 921
748 921
748 848
23 848
23 171
171 680
363 680
363 490
18 363
18 620
620 758
324 620
752 758
324 683
683 704
434 683
420 434
204 434
420 874
204 940
940 991
526 991
340 991
514 526
340 480
514 520
480 727
727 766
85 766
85 338
14 85
14 637
14 76
586 637
586 663
585 586
663 924
588 924
588 713
372 713
646 713
372 605
605 730
605 949
673 949
557 673
400 673
295 557
295 592
295 456
592 634
187 634
607 634
187 964
71 607
587 964
71 909
547 909
445 909
189 547
189 608
608 956
416 956
222 956
311 416
218 222
311 481
218 786
481 910
131 786
489 910
131 488
489 724
429 488
111 724
239 429
111 521
239 312
312 403
312 455
455 911
455 583
583 749
597 749
116 597
141 597
141 739
141 360
28 739
28 339
201 339
201 837
201 811
666 837
540 666
666 988
38 540
38 729
38 645
645 868
757 868
452 868
350 757
350 784
350 908
197 908
197 244
197 738
0 738
458 738
458 839
696 839
46 839
600 696
580 600
580 717
580 856
302 717
302 598
302 335
335 512
245 335
216 245
216 625
625 816
625 803
816 843
293 843
236 293
236 551
507 551
410 551
277 507
188 410
188 928
188 642
642 939
271 939
271 439
214 439
439 938
746 938
627 746
137 746
627 981
137 496
463 496
463 610
610 996
59 610
448 996
59 602
232 448
232 655
16 655
655 781
161 781
161 681
289 681
233 289
289 554
233 537
330 537
330 950
330 802
802 954
195 802
877 954
195 413
413 953
516 953
590 953
107 516
107 279
279 647
647 973
794 973
794 815
426 815
37 426
37 357
37 153
51 357
51 421
421 556
421 958
257 556
12 958
12 318
12 266
266 385
266 599
599 703
393 599
549 703
33 549
549 819
33 83
679 819
6 83
6 498
498 913
229 498
229 740
290 740
290 735
290 418
24 735
5 24
24 530
5 945
477 530
477 970
754 970
110 754
317 754
110 901
44 901
44 242
212 242
242 529
529 737
706 737
497 737
497 722
497 969
147 722
840 969
147 895
246 840
246 715
246 451
451 698
200 451
698 979
200 438
808 979
1 808
274 808
1 832
180 274
180 282
180 881
768 881
768 985
711 768
499 711
4 499
67 499
67 165
165 879
879 998
213 998
172 998
213 693
503 693
140 693
503 968
81 968
604 968
81 249
604 932
367 932
43 932
43 123
123 341
123 697
92 341
505 697
92 850
531 850
55 850
531 884
55 493
382 493
412 493
412 618
618 867
386 867
867 947
301 386
301 669
19 669
669 900
527 900
563 900
264 563
399 563
80 264
80 383
80 779
184 779
32 779
184 407
348 407
285 348
285 467
285 982
467 747
365 747
747 830
354 830
228 830
138 354
75 228
138 270
270 905
380 905
859 905
112 380
112 860
66 112
10 860
10 771
771 887
328 887
294 887
53 328
53 916
916 966
337 916
337 676
337 984
320 984
320 468
468 670
468 888
522 888
97 522
97 539
97 276
539 818
492 818
11 818
402 492
11 427
89 427
156 427
89 827
57 827
57 219
57 167
219 761
167 183
70 761
183 851
70 562
319 851
319 474
114 319
415 474
415 665
431 665
175 665
136 175
175 544
136 466
544 582
582 898
582 672
143 898
143 753
736 753
486 753
287 736
287 865
287 922
485 922
461 485
485 807
56 461
21 56
56 98
21 336
98 284
41 336
41 392
41 191
191 406
406 967
150 406
8 150
150 896
8 509
559 896
262 509
193 262
193 614
614 734
326 734
2 326
326 384
2 352
115 384
86 352
115 125
54 86
54 369
54 91
91 186
91 370
186 687
370 548
133 548
133 390
133 288
217 288
217 224
217 619
299 619
619 791
533 791
533 893
533 609
508 893
609 875
450 875
142 450
102 142
142 789
524 789
58 789
58 813
329 813
329 841
278 841
278 963
3 963
3 179
179 836
60 179
60 170
170 927
394 927
793 927
253 793
253 579
437 579
192 437
192 858
128 858
649 858
106 649
106 550
7 550
87 550
7 732
87 146
286 732
286 689
286 342
689 886
523 886
668 886
235 523
235 568
528 568
444 528
528 576
30 444
30 651
401 651
631 651
401 755
207 755
755 915
207 251
519 915
358 519
221 358
49 358
221 936
49 765
248 936
248 532
532 617
617 917
414 617
414 628
565 628
565 788
759 788
267 788
759 814
247 814
247 307
247 764
515 764
145 764
145 959
145 725
897 959
558 897
538 558
374 538
538 684
374 943
658 943
291 658
291 926
842 926
882 926
432 842
432 472
322 432
472 826
322 641
826 890
890 995
885 995
869 995
74 885
74 388
333 388
333 353
333 980
833 980
829 833
829 878
714 878
708 878
573 714
699 708
699 930
494 930
756 930
349 494
349 863
203 349
863 876
203 462
686 876
34 686
34 120
34 42
42 139
42 974
313 974
313 772
313 635
543 635
543 577
577 965
835 965
798 835
546 835
777 798
546 790
760 790
650 790
63 760
