5000 4798 1582
2740
4908
3505
4549
4411
4159
2922
2622
1659
1762
2444
2375
3904
3590
2131
4063
2739
3688
1882
2832
4815
3835
1932
2989
2489
4601
2035
4872
3475
3639
3073
2602
2700
3022
4012
1657
4168
2635
4571
3742
3063
2631
3684
2135
4416
2710
1913
2501
3017
2727
3601
4376
4738
1973
2560
3678
2608
2959
4124
3161
3422
3409
2243
3954
1826
1672
4626
1802
4737
3391
2598
3519
2284
4674
2642
3008
3973
4902
1851
3142
2621
2508
4697
3809
4868
3817
4717
3028
4740
3704
1818
4029
2992
3290
3541
2918
4936
4923
3720
3439
2180
1871
2267
1941
2555
4819
3432
1881
3889
1717
4689
1846
3630
3095
1893
4998
4112
2981
3875
2898
4285
2681
1662
1733
4209
4702
1669
1944
1905
4492
2371
3367
4679
1945
2200
4290
4405
2477
2229
3584
2676
4554
3050
4214
4525
4108
2403
2040
3664
4925
3884
4534
4628
2239
3855
2580
4767
2927
3302
4913
2304
4008
2156
4279
2043
3550
2552
4485
1665
2542
3656
2747
2804
1786
1640
2457
2857
4877
3477
1769
4271
2613
3778
2134
4260
3078
3351
2198
3644
3872
2133
4996
4940
3583
4721
3039
3225
2579
4856
3153
2453
1896
1648
4678
2829
2493
1590
2990
4929
3405
4955
2554
3247
1844
1878
1763
2247
3895
4000
2965
2716
4942
3903
2142
2089
3921
3641
2557
1938
3058
2323
4427
1700
3415
4898
4517
1789
2768
2148
3743
2069
2059
2983
3762
2181
4592
2528
2331
4518
3015
2464
2924
2252
3966
2854
3215
3036
3713
2914
3929
2837
3642
3392
3385
3150
1755
3537
3393
3938
2790
3105
3518
4304
4378
3428
1761
1779
2691
3638
3833
4315
2728
2754
4664
4502
4133
2048
3145
1951
3653
3465
4786
2649
2482
4768
1748
4610
1811
4504
2988
4512
2432
4900
3516
3049
4301
4215
1661
3148
2362
1840
2505
2822
2313
4765
4314
2880
1947
2019
2497
4752
3195
3187
1974
2591
3588
3600
3188
4233
2775
3893
4355
2583
4778
3543
3113
3154
4115
4322
3622
4228
3837
2146
1970
4563
2715
4603
4915
3424
4810
1807
1979
4335
3670
2192
1919
3297
1925
3358
3484
3450
4005
2411
4007
4593
4384
3611
2361
2817
4792
3679
3496
2948
4404
3204
4893
4004
1988
2971
4587
3315
3924
2882
2422
1860
4253
3357
4207
3666
4847
4459
3106
4547
4944
2307
2036
2263
4449
2816
1855
3711
4614
4693
4039
1707
1827
1806
4163
4382
3068
2969
3690
2533
4367
1946
4259
2540
2821
3886
1593
2120
2748
3115
3598
2930
4934
2358
3093
1829
2176
3536
3079
4869
3751
3042
2869
3269
4020
4625
2577
4034
4602
3456
3687
3038
1711
3579
4970
4794
2653
2695
3878
1606
2651
4347
2828
3870
1642
4548
4537
3169
4852
4095
4743
3665
4927
2953
3322
3440
2604
4867
3166
2269
4816
4356
3530
4046
4320
2737
4230
2813
4295
2525
2374
1858
3223
2812
4533
2016
4372
3813
3512
3802
2717
2370
4447
3880
2509
3651
2736
4377
4633
2721
2492
4822
2367
4888
2708
2108
2781
4874
3572
3041
2999
4680
2779
4887
3107
2526
3234
3865
2078
4568
4704
4043
4516
1772
3589
4650
3344
2674
2316
4561
3346
4840
3325
3919
3830
2694
2418
3134
4632
4952
3277
3500
2987
4261
4106
2494
2801
2115
2667
2302
2274
3523
1645
3498
2606
51
674
1334
1386
558
1236
382
1451
615
715
720
1510
26
668
7
1089
916
381
455
1114
512
772
1456
160
1079
1182
1430
574
1088
700
1183
1240
560
1365
1514
599
1123
968
1105
353
626
718
1257
1202
1440
452
1269
1418
1364
880
553
380
820
898
1212
481
55
945
1197
1060
991
159
1260
970
602
58
1449
834
513
1140
824
1174
687
397
986
1208
856
158
1387
1163
692
1237
527
1179
131
371
1512
613
128
655
746
909
1556
1547
1520
515
133
1082
1346
706
1235
465
590
259
975
11
360
1285
727
1468
1502
998
1211
126
1062
1465
1143
1402
67
1043
53
44
1275
1142
1124
1561
29
1006
650
303
932
887
885
805
260
722
799
1513
295
1366
174
123
681
480
1350
1572
1557
1416
1188
78
62
906
1337
243
738
1500
958
46
100
1054
1425
1044
346
795
1486
410
565
860
329
16
1389
568
1397
191
637
594
338
163
1392
549
914
798
1198
444
693
245
912
257
1172
1553
489
389
1544
240
441
1196
1061
1549
1401
1328
494
973
739
201
622
1552
540
765
686
1330
778
416
1115
1221
1261
689
959
1031
268
1398
897
1096
37
981
1351
1307
1580
1046
821
1400
853
595
754
114
443
118
192
196
1407
587
1473
222
825
717
586
151
251
794
980
1384
847
73
566
690
467
777
215
640
61
420
1499
1021
827
1016
1083
1025
152
944
1509
1152
1036
150
1305
893
1288
1173
606
1068
180
1560
1448
1564
1064
583
391
1410
1505
1161
423
567
1306
1216
91
1233
1313
1001
1181
1383
609
988
1349
1434
1038
1421
278
747
648
116
929
379
41
741
677
1146
1033
1241
1471
311
264
390
581
306
224
275
330
1180
815
247
1423
47
433
134
1002
1
1462
1249
1515
957
1097
1256
365
145
1535
1353
709
225
255
989
357
1264
936
1258
81
485
1129
788
1310
770
1187
837
101
117
498
75
1000
254
445
85
1537
1361
284
1322
363
911
800
514
1229
429
422
1428
1272
400
1394
1278
1368
528
1577
386
1226
1530
1524
13
1326
246
1048
1363
1185
484
971
1464
570
662
1077
106
1412
990
209
841
1017
1382
888
1469
1581
883
168
628
231
1230
121
135
1122
688
394
675
585
934
195
298
705
1290
1312
952
948
109
92
60
66
745
1265
791
535
1352
521
474
212
341
845
1244
1538
177
1156
732
663
32
1405
213
1408
531
868
761
102
903
1199
468
211
1317
793
1459
875
1019
42
1228
369
15
1447
421
97
190
56
758
743
1127
548
266
324
659
93
509
1277
647
253
724
1495
21
1015
1548
107
889
632
1217
376
1051
551
1518
239
943
507
503
1546
639
1132
217
162
417
1575
1018
345
387
1396
1441
132
536
1458
309
2853
2503
1634
2250
3431
2975
3820
4682
3363
4764
3341
1654
4026
4023
1819
3199
4368
4654
4947
3619
4022
2289
3448
2769
3389
3610
1808
2650
4858
4446
4268
3754
3101
4736
4061
2757
2910
3744
3580
3100
2225
2803
4797
4695
4665
4724
4425
2136
2046
2027
2896
1862
2360
4219
2207
3057
2445
3831
1796
3129
3301
2427
1841
2185
2425
2257
2287
4535
3805
1740
2129
2353
2589
3510
4551
3697
1715
3825
4070
2732
2592
2057
4499
4463
4896
4973
3581
2226
2197
3137
2107
2558
2208
4935
3757
3764
3617
2772
4287
4961
4954
3220
4444
4010
4013
4245
3515
4329
1735
4894
4418
4312
4419
2481
2852
4066
3131
2266
2351
3444
2470
4231
3294
4311
4123
2098
2157
2968
1968
4296
1850
4138
4845
1971
2673
2842
4151
2388
2949
2881
2125
3124
3640
2075
2640
4553
4994
4120
1902
4003
2798
1810
3674
4429
4798
2240
2600
4190
4666
4823
4399
2860
4196
2175
1596
3971
4027
4901
3749
4200
4454
1887
2632
2219
4487
2322
3818
3287
2298
1626
1660
1739
3293
4396
2167
2646
4880
4683
2724
1727
3836
4398
2731
4142
1635
3067
2921
4374
1731
4653
3494
3951
2986
4225
2045
4199
2607
2946
4086
3948
4881
4443
2264
3395
4137
2106
2390
3043
1966
1663
1954
2179
3252
4403
3970
3170
3968
3707
4758
4524
3913
4041
2774
3061
3632
4692
4170
2471
4784
1680
3208
2805
3633
2520
2784
4441
3235
3947
4461
3064
2535
1685
2472
1752
3787
2941
2636
3681
3491
1780
4257
2847
2454
4663
2958
3854
3462
4081
1787
2400
2281
4473
4791
2195
2873
4203
4284
4357
4096
4971
3048
2929
1992
2015
2892
2755
3730
3528
2087
3558
3881
4922
2340
3814
1922
4402
4306
4943
3275
2538
1722
3977
4569
4806
4863
3458
3490
3955
2202
4241
4910
3768
2013
4327
3728
3278
3586
2720
1989
3257
3304
4413
3796
3734
3261
4333
3024
3643
3546
2974
3717
3084
2312
3784
2939
4307
1867
3125
1716
4134
3122
4581
3781
1942
2962
4796
2448
3052
3925
2288
4541
1975
1939
4799
4084
4164
4232
3937
3241
3649
2458
4206
3657
4161
2678
4371
1613
3037
2702
3549
2725
1936
3788
3756
4242
1696
3183
4107
3616
3172
4433
2818
2977
1918
4854
3373
4849
4565
2662
3128
4617
4987
3438
2147
3504
2072
2704
1950
4424
2742
2319
4639
4127
3298
2773
3300
4667
3525
4188
1900
4804
4102
4147
4629
4482
1995
2301
4813
1632
4746
4991
4389
4951
4197
1623
3990
2698
3849
4094
2582
3755
4809
2799
3922
2056
4669
3667
3882
4493
2083
2101
1837
1615
4644
2884
4995
2645
4291
4258
1783
2796
4269
3162
2232
2321
3703
2856
4607
4513
4905
3031
4536
2973
1605
1706
2733
3374
1718
2169
4090
3502
4155
4627
4646
4818
3182
3474
2488
3976
2389
2213
4360
2819
3866
2827
3309
2561
4953
2020
2000
4397
2394
3987
3940
1677
3471
2097
3151
2745
3271
2300
4600
3149
4226
3407
3723
3750
4725
1643
4722
4624
2789
2315
2053
3871
2530
4714
2897
4713
3479
3449
3624
3478
2734
4408
3310
4113
4273
3852
4325
2871
3660
1655
3819
2211
4158
3803
4484
2233
3785
3375
4167
1788
2876
2634
2333
3563
4930
4407
3461
1678
2138
2507
2996
3283
2683
1879
3007
3772
3009
1899
4836
1917
4345
2787
3508
1766
3109
1874
4050
3732
3594
2545
2609
2003
3592
4993
4528
2770
1697
4967
1875
4655
3184
3899
2839
4715
1744
3901
1997
1698
4883
2753
4428
3289
2670
4308
3239
4776
2559
1586
1959
2447
3487
1703
4426
4774
3121
2303
2541
1791
2452
4658
4853
4824
4254
2612
4386
2778
4136
1801
4659
4263
3914
3163
3174
2184
2404
3353
4684
2937
2201
2616
4472
2215
2405
4475
2874
1710
2342
4965
3969
4122
4832
2395
3299
1674
4276
1883
4479
3662
2718
4979
1985
1777
1594
3984
3059
2109
3051
4045
4636
2664
2442
4021
1920
3274
2523
3098
3946
4352
2895
1832
3104
2688
3080
1866
4920
3447
3460
3628
2633
3046
4169
4393
4558
2041
2788
2317
3694
3044
2033
2346
2671
2067
3708
4220
1621
4030
2615
3245
4469
2957
1759
1641
4330
2956
2961
2690
2689
2320
3957
4567
3146
2112
2719
2546
3556
3574
3587
3002
4812
3832
2912
4562
2396
3786
2416
3765
2382
2512
4235
1694
4999
3613
3509
2293
1822
2776
4948
2696
4181
1699
4186
4281
1812
1644
4733
2811
3958
2159
2610
2536
2585
2883
4262
4238
3360
4121
1721
1910
1602
2849
3676
3117
4911
3034
4185
4437
2021
1599
2791
4790
2709
4409
3950
4486
2574
2268
4928
1782
2566
3468
2279
2214
4176
2944
2378
3207
1704
4690
4735
3959
1767
2993
3794
2143
4770
3000
4710
2421
1897
1933
2006
2443
3576
4972
2637
2174
4055
2450
4842
3822
4862
4423
3437
4334
1834
4071
1799
1961
4530
1937
4844
2888
2049
3981
2626
2435
2887
4202
3851
3388
3248
4586
4622
3238
3159
4452
3553
3214
4172
4649
3712
4275
3419
4129
3559
2567
2586
2325
2624
4976
2424
1815
3485
3141
3545
3486
4949
3507
2998
1625
2306
4861
3795
4835
2588
3673
3369
3495
4366
1692
3406
2510
2920
4527
3608
3335
4662
3198
4783
2599
4957
3691
3165
1948
3077
3972
2517
3934
2903
4960
3011
1622
4520
3157
4899
3791
3985
2047
3292
2372
3216
3194
3288
4963
2012
1675
4093
3090
4128
2500
4332
2261
3996
4099
1906
3883
3839
4278
2160
2529
2054
4467
2387
2401
2693
3701
2601
4688
3262
3387
3631
2954
2735
3834
3403
4800
3916
4015
4932
3377
3060
4101
4076
4024
3815
1856
1848
3894
2630
4552
4210
2864
2797
4105
1891
3733
2406
4014
4827
4098
4718
3176
4985
3983
4049
2644
2836
4576
4256
1736
4250
4343
2534
2398
4468
2885
2761
1760
4118
1620
3999
3739
3780
3326
2223
1863
2339
3368
2126
4555
4875
3005
4755
4909
1702
2548
2132
4354
1943
3398
2675
3094
2743
3715
3562
3319
2085
4515
4560
4211
3534
4968
1597
4897
4981
1723
2460
3400
4773
4550
3376
3452
2062
2807
1651
4277
3648
4047
3927
3047
3356
4498
3844
4434
3371
3132
4401
4110
4507
3698
2137
4494
3378
1996
4731
2984
3909
3402
4801
4143
2330
3354
2994
2354
3885
1683
4283
1960
1803
2565
4772
3231
1793
2061
3905
2314
2486
4620
4501
3873
1797
3989
3808
4292
3473
2196
1890
4456
1908
3259
2429
2091
3480
3045
3445
4891
1824
2878
4807
4732
3714
2524
2810
4660
4681
2060
4505
2205
3408
4089
3482
1911
3155
2890
1845
1784
3998
4237
3308
2042
2071
3135
4500
4165
4351
4728
2183
3179
2026
4696
2513
4782
1876
2168
4506
1888
4189
3004
3548
2782
1603
4575
1853
4414
3920
2865
2759
3013
2970
3926
2562
4956
4926
1776
4656
2194
2620
4018
4635
1728
4543
4157
3826
2531
3180
3812
2749
2665
1638
2139
2337
4878
3324
3386
4141
2766
4156
4471
3427
2750
3991
4859
3069
2357
2659
3333
3099
3414
3412
4114
2231
4855
2490
3596
2393
3936
4216
2235
2893
4321
4173
2596
4596
4073
4884
2936
3986
2270
2117
4834
2094
2164
1892
3306
2539
4288
4707
2917
3593
3418
3741
4074
2605
1994
1719
4613
1730
4247
2328
3570
4829
2947
3906
2980
4204
3911
3088
3607
3343
4870
2522
2256
3716
3560
2475
2384
4067
4381
4604
4342
4130
2254
2576
1993
2518
2428
2329
3200
2515
4668
4671
4174
2385
2491
4132
3845
4850
3729
4574
3352
1977
4104
1032
232
982
1393
1267
483
879
1042
238
964
1301
1443
74
458
1059
1149
1027
1150
605
999
849
850
886
437
1356
1113
256
414
249
571
18
1074
403
1111
974
1298
9
937
129
334
867
1373
896
901
269
328
1522
1562
33
1292
714
399
307
138
1294
10
1569
1576
818
979
892
526
418
618
550
1014
446
679
169
473
723
1106
210
665
542
785
869
1203
719
543
766
242
1078
673
653
1055
8
339
1176
976
960
726
84
554
1100
1026
762
767
645
575
913
144
378
832
1137
235
435
432
155
627
1151
349
1378
248
876
12
1293
1355
1420
39
499
103
683
173
20
428
479
870
271
1341
314
933
1506
1496
1098
721
299
1231
786
472
1504
822
1007
608
119
383
1234
862
1550
442
1565
1457
1491
146
985
1390
1162
342
1526
279
1501
156
404
38
57
431
672
477
1309
669
395
644
143
424
496
1246
773
1578
292
728
807
1567
591
866
359
333
412
1475
817
760
244
563
488
1110
388
1482
197
1191
1540
351
621
1391
935
1424
261
809
226
392
1117
530
1268
923
411
250
1052
731
1081
523
294
1242
478
685
165
949
1204
697
293
267
1439
1340
1194
88
1148
1063
1333
736
756
289
430
830
1529
617
1329
874
188
1422
954
124
281
1476
1168
810
343
631
776
1318
14
930
547
941
1147
425
1273
947
823
614
65
711
457
1444
1195
939
950
596
592
699
797
1414
456
1453
1527
1138
1445
1528
829
63
1374
290
1092
946
1348
600
1086
280
354
1435
401
321
1170
534
1467
708
490
352
319
186
43
276
464
1461
1112
370
703
52
529
82
1360
1069
122
1011
157
842
1192
539
1503
1200
894
604
707
1220
1008
355
504
36
572
317
1131
576
882
1169
1095
962
698
965
1247
816
296
1450
792
573
1070
966
1558
161
300
205
2
34
511
1238
915
6
813
120
302
670
35
1053
25
1568
1045
204
1484
620
291
112
1252
166
1239
730
1004
1145
402
1291
1071
552
1259
1371
819
318
925
396
1531
1270
462
900
207
1109
1271
497
1101
1534
361
844
1222
140
953
1308
891
764
755
83
1120
170
524
77
374
522
610
325
1354
1167
920
1437
993
356
69
678
1314
1155
921
153
642
315
1087
1280
1118
1543
1413
1125
125
775
1296
1336
556
136
1492
1206
1359
1254
460
172
1119
208
451
358
710
1551
76
1141
789
1281
89
72
638
508
227
635
1533
654
283
1574
1090
1377
372
426
612
1245
104
1251
171
803
220
406
833
828
17
851
561
1381
1347
277
1367
790
533
546
79
538
375
1470
288
541
919
331
695
1139
405
1477
657
1067
1279
854
1380
1158
1446
1339
633
1072
108
1474
252
1369
1136
45
1010
4672
1607
4309
2706
3087
3213
2076
3606
4056
3552
3332
4744
4453
3997
4160
2666
3566
4324
3501
3027
4670
3349
2823
1907
1756
4857
2119
4240
3995
4239
4375
3025
1612
3647
4817
3384
2348
4686
2629
4579
2122
2187
4191
1813
3272
4805
4058
2391
2310
2899
3988
4950
4417
2258
4125
2051
4975
3133
3295
1929
2741
3240
1720
2216
3655
3961
2426
4766
2025
2285
2809
4182
4826
2516
3467
3564
1684
1592
4523
3798
3853
4363
4814
4711
2833
4641
4116
3171
4270
4358
3891
4302
3055
3978
2451
3829
2275
4474
2738
4748
2018
4069
4651
3334
3669
3233
3401
2976
3582
3186
4938
1732
4964
2165
4465
4201
2711
3933
3777
1633
3381
4450
3623
2295
2657
3860
3012
3671
2265
2177
3547
2682
2514
3659
2420
2594
3350
2511
2868
2550
4478
4585
3429
2245
2935
2379
3979
4769
3535
2756
1673
3897
1671
3127
4595
1734
2338
3695
4648
2551
4886
4570
2050
3962
1842
2858
4346
2764
2086
4470
3280
3700
4234
1953
1693
2238
2978
3859
3824
3575
1965
3862
1952
2867
1880
1816
3470
4871
3312
3266
4588
4313
3842
3994
3799
4841
2886
4255
3890
3256
1670
3321
3116
4282
1619
4079
3569
2008
4009
2244
2052
4921
3902
4753
1839
1649
3769
3680
2170
1940
2824
4097
4111
4591
3430
3421
3112
2480
3493
3066
1949
2851
3337
2392
2311
2623
3945
3773
4222
4412
1980
3850
1749
3222
4572
2218
3724
3531
4785
3156
3585
2365
1690
3096
2397
2495
4741
1972
2808
2055
2571
3740
4299
4236
1889
4135
4272
1686
3246
3203
4183
3244
4771
2478
2544
2862
3975
3823
1912
3841
4885
3014
2872
3329
3065
3907
4289
4837
3843
2438
2093
2182
4488
2034
3032
4532
4931
4033
1636
1957
3237
4224
1931
1676
4839
3513
4385
3383
4491
4364
2140
3209
4481
2499
2210
3197
4631
3072
3359
2249
4757
2661
4734
1836
3255
3725
1847
4359
4383
3086
3435
4889
1668
3861
3081
3668
3330
2230
3511
4085
4546
1611
4353
3863
2259
4198
3126
2095
3097
1915
1978
2251
2496
2656
3436
2309
4608
3935
3900
4508
3317
2280
2597
3023
3719
4825
4712
4243
1781
2282
4420
3620
4676
3792
2376
1653
4264
3054
3253
4977
2701
4750
1795
4729
4180
2090
2144
3001
3774
4080
3267
3202
4647
3577
3463
4802
3340
2686
3635
2037
1616
2417
2785
1785
2786
3521
4980
4148
2105
2441
2744
4171
1750
3143
1894
3709
3364
2127
2103
3130
2859
1958
4339
4217
3320
3021
1886
3396
3892
4892
3361
2399
2409
1705
3492
2324
1804
2844
4019
2894
3609
4642
2982
2660
4091
3699
3801
3627
1981
4917
1609
3533
3226
2158
1817
2294
2079
2178
3455
3828
2209
4457
4597
4645
2381
3602
3420
4652
3110
2332
3663
1725
4895
2186
2758
2877
2916
1708
3228
1691
4119
2684
1629
4510
1646
3846
3626
3840
2521
3303
2290
2277
2102
2273
1833
4139
2802
4458
2074
2039
2407
4480
3232
3661
2009
3918
4780
3323
3268
1928
2814
2928
1854
3189
3910
4969
2831
3114
4907
3810
2547
4436
3345
2841
4788
2241
1869
2765
3800
4599
1773
4521
2162
2474
4623
3941
1999
2643
3242
2081
1809
2359
3070
1687
2145
3790
2923
4564
4675
2446
2349
2326
2206
2217
2483
3856
1923
1935
4154
3696
4577
2221
2960
2677
3775
3752
2527
4017
3296
2800
3328
1589
2746
2193
4846
3736
1823
3706
3227
2861
3522
4229
2082
4146
4365
2485
3753
3967
2570
1916
4266
2188
4310
4544
1624
3331
4630
4828
3645
3497
1895
3763
2985
3338
4779
2386
4903
2212
1820
1667
2124
3930
3459
4451
2870
1830
3520
2563
1859
4337
4251
3544
2564
3167
1790
4723
4395
2068
2648
1585
3811
3282
4803
4044
3196
3454
4440
3658
2866
4422
2461
2901
2191
3053
4503
2806
2647
4038
3868
4726
3062
3538
3336
4248
2080
1924
1595
2795
3466
3827
2593
3399
1604
3591
4064
3018
4162
3917
2292
4445
2255
1904
1610
3442
2942
4032
4040
4522
1743
4727
2919
2713
4511
3816
3339
3071
3221
3932
4431
2237
3390
2843
1926
2154
3029
4221
4759
4280
4745
2479
3016
2679
3652
4989
3776
4916
4519
4843
2658
1709
2699
4939
2173
3040
3721
2926
4542
2680
2573
1658
2991
3912
4344
2044
2253
3965
2911
2572
2153
2590
1647
2433
2121
2031
4946
3284
2100
4300
4410
2618
4545
3982
3003
2163
3838
2502
4709
3942
4394
4637
4821
2767
3993
3279
1962
1639
4223
3366
4140
2835
2350
4838
3249
2672
4594
4466
4876
3192
3075
2771
4988
2408
1967
4152
4060
4619
4820
1737
3599
4109
3923
3879
3718
1656
2345
1843
2652
4153
2171
2964
3006
2777
3555
2007
2950
4448
2005
4175
2963
3019
3621
4703
2343
4059
2904
3506
3847
3650
2010
2017
3168
4006
3931
3397
2070
2189
1614
3394
4919
3634
4435
3191
1745
1831
1768
2466
3379
4589
2305
4341
4338
3102
3453
3370
2077
3876
3857
3190
4379
4348
4924
3783
4092
2783
3205
1930
3568
4582
4011
1652
4145
3201
4439
3605
4559
2952
3636
1598
3539
1770
2341
2751
3243
193
582
881
589
1358
1433
282
924
783
1455
1020
812
704
1058
584
630
482
94
752
154
427
258
3
1395
23
733
1331
30
48
1376
407
994
569
1466
1406
649
1227
1460
751
492
31
1133
1311
861
616
1023
1483
1034
1299
1315
326
393
344
744
1508
1566
1362
87
5
19
366
98
1489
1432
1175
848
408
22
532
702
1099
409
624
555
611
200
453
28
214
1493
469
182
139
559
734
459
517
1057
221
1080
237
1545
1316
890
1012
619
1335
1429
495
918
1024
447
434
115
1171
814
1463
588
287
1213
1085
839
658
1159
194
951
749
175
1442
419
362
967
1107
1255
545
470
1297
1130
1103
1427
1536
285
1284
1539
1379
753
270
840
54
1498
518
1579
96
216
740
308
304
1049
181
636
593
448
1325
858
1324
233
1409
1121
105
1490
871
305
1189
995
895
977
273
750
782
701
902
438
1438
769
1037
597
1532
1385
1223
623
476
1093
24
997
562
1497
771
71
1345
491
899
878
176
578
335
1403
1343
113
806
236
972
1232
1541
1193
838
1039
680
1517
1419
1295
1073
501
580
836
664
1164
864
992
27
1488
676
641
1320
598
1479
1029
826
781
1207
1160
1190
1135
884
111
1218
1209
1319
368
811
487
68
350
646
1332
1370
50
1480
313
938
940
1253
198
905
1507
763
1415
141
579
667
1559
843
716
167
80
520
1047
274
1153
1426
189
327
130
1035
1525
564
377
463
506
137
1219
691
337
1056
241
0
1300
1304
978
229
40
486
774
262
1030
1287
1126
263
983
1128
1555
544
70
323
666
1091
742
1454
398
272
1542
1003
684
505
49
367
652
1357
931
415
466
1041
1186
449
439
1205
802
1166
1303
694
852
147
808
1375
1321
1225
634
1157
179
502
1050
516
385
1323
961
969
312
682
1282
90
660
1022
1478
656
286
1388
865
801
904
835
310
332
4
910
1201
336
661
223
1485
963
863
340
450
757
1210
696
629
1184
1436
1399
1481
577
784
1263
185
1134
183
206
1283
203
500
1028
142
1519
928
1411
1417
510
779
1066
768
1554
1516
384
908
184
1005
149
1327
1338
454
1040
228
1009
1243
1094
1013
301
927
440
729
348
95
1487
1302
265
519
1215
316
735
1116
607
1266
737
1573
625
713
1523
1431
1177
364
99
1372
712
926
1563
796
846
320
1276
1344
1165
297
1102
859
651
1342
187
1108
922
872
877
219
475
199
1154
471
1289
537
1214
671
322
831
780
413
1570
748
1286
942
1144
347
178
148
1178
956
603
1250
787
907
493
164
996
1075
725
643
127
436
86
759
987
64
461
59
1104
1248
955
202
1274
1452
804
1404
1065
1224
1511
917
1571
601
984
218
230
234
1472
1521
1262
110
373
855
525
1494
857
873
557
1076
1084
2915
4793
2032
1764
2004
2639
2073
4205
4992
4700
2347
2335
2066
3035
4673
4380
4087
4583
2327
2224
2104
4177
3693
4634
2084
2022
2462
3264
2669
4699
3943
4286
4638
2891
3944
3532
3514
3686
4323
4808
4990
4083
1828
1712
2614
3747
2951
2203
1873
1591
1631
4787
2141
4442
4149
1778
1914
2627
4476
2907
1726
2456
2431
4906
2655
2584
1753
3571
3748
1765
4760
4179
3219
4246
3499
1901
3683
1695
2058
2707
4860
4848
1689
4557
2900
4747
4037
4865
4390
1584
1903
2825
3767
2434
1861
3565
4062
2498
2519
1990
2149
1758
3898
4974
3689
1627
3964
2222
1849
3260
3677
3604
2402
2692
2465
3152
4833
2172
3618
3615
2730
1746
4761
2752
2190
4978
4914
4694
2204
4430
4305
2938
1713
2152
4460
4001
2092
4495
4415
3980
1617
3953
1852
3033
4293
3705
1927
3185
2840
3236
4252
4318
2641
1909
3206
3529
4065
3177
3372
4387
2111
4068
4687
1885
2455
2063
3410
4873
4103
4362
1682
3423
2966
3285
4966
3446
2729
3469
3807
3848
4598
1608
4340
4531
2723
1872
1864
3782
4369
2430
4194
2943
3503
1729
1969
4212
3348
2377
4462
2383
3561
2297
3433
1857
4730
2549
3567
4432
2925
3745
1792
2150
3770
4002
2227
4691
4331
1583
3727
2587
2262
3030
4336
2355
2369
2906
4373
4497
3355
4539
2368
3874
2838
4035
4984
1800
3939
3263
1838
3316
4982
1868
3915
4754
4349
2113
4526
2459
2902
3147
4075
3867
3434
2419
3869
3779
1805
3702
2850
4178
1701
4661
4054
1870
4775
4756
4489
3804
2463
2863
3793
2556
2908
3091
2875
3789
2484
2283
2011
3603
4615
4361
2760
3365
2932
1738
4025
4811
4265
2364
2161
3956
2130
2945
2236
2909
3250
4350
3265
4131
2437
3076
4904
2663
3731
4578
4316
3417
3413
1775
3258
4781
3654
4391
1934
2088
3347
4078
3524
2762
1742
3877
2410
1798
3382
4621
4609
1588
3139
2024
4303
3551
3746
1955
4126
3464
3489
4882
4959
3797
2363
3056
3211
1601
2532
3637
3251
2794
3111
2569
2705
3362
3173
2242
4326
2685
3629
3483
2356
4042
3542
4187
2714
1976
4573
2568
4057
4719
4986
2712
2476
2308
1587
4028
2166
3411
2318
3517
1664
1814
1898
3457
2934
3443
4580
4192
2296
1998
4611
4400
1825
4193
4051
3026
2440
2030
4677
2826
2687
4933
2553
2276
3888
1991
3527
4685
3074
2415
3119
2855
4388
4529
2002
2118
1650
4945
3082
4540
3120
1751
4072
2703
2065
2260
4538
4274
2575
1628
1741
2469
3327
2487
2278
3722
3760
1757
3144
4297
2029
3123
1754
2848
4166
3864
3692
2334
4031
1964
2123
3305
1600
2373
2151
3092
2763
2793
2815
1921
2099
4490
4455
2038
2889
4705
3140
3083
2228
4144
3573
4421
4053
2504
4851
1747
3164
1724
4763
2780
2792
3158
2972
4227
2955
3314
1821
1982
4962
2023
3178
1771
4708
4706
1986
2199
3136
4566
3963
3887
4117
3229
4831
2979
2879
3307
4319
4890
2625
3758
3404
1984
3960
1987
2128
2995
2110
3342
3270
3276
3896
2595
2423
3218
2931
4088
3949
3010
4464
4918
2413
4751
4514
1679
3380
3291
3426
4590
3554
4657
3476
4213
3540
1774
2248
1877
3858
4698
2913
2997
3710
4742
3481
1865
3557
2380
4077
3766
1618
3759
2096
4640
4048
2114
4612
3175
3612
4958
1835
4218
2468
3230
1956
4866
3138
3416
1637
4438
3441
2414
4616
3286
4509
2412
2628
4912
2272
2449
3952
3212
1983
1963
4716
2537
4739
4941
2820
3685
4879
2291
2028
3108
2467
4249
3085
3672
2603
4937
3020
3451
3737
2967
3738
4606
4328
2116
4477
3089
3118
2722
4762
2668
2933
2543
3597
4997
3646
2578
4294
4392
2299
2940
3726
2064
4777
4082
2366
2155
1681
2506
3193
2697
3254
4605
2830
2344
4370
2473
3806
4496
4267
4830
2220
4556
3273
2834
3488
3974
4643
4016
3160
1630
3217
2654
4195
4864
2271
4208
3425
3224
2611
4701
3595
3735
3928
3318
4983
4618
2246
4036
2905
3281
3682
2845
4244
2439
3821
2619
2014
1714
4184
3313
3771
3625
2336
2234
4150
3908
2638
4298
3103
4317
4584
4749
3614
2001
4795
1884
1794
2581
4406
3210
2352
3181
4789
3472
4720
3578
3761
3526
2846
3311
2436
2726
2617
4052
1688
4100
3992
4483
1666
3675
2286
1580 1581
1589 1590
4953 4954
4837 4839
1591 1592
4904 4905
4986 4987
20 21
1568 1569
4851 4852
1599 1600
4961 4962
24 26
4977 4979
4974 4975
50 51
48 50
1747 1749
1778 1779
1710 1711
7 8
54 55
54 55
1698 1699
4947 4948
1762 1763
1564 1565
22 23
4918 4919
1617 1619
1583 1584
4852 4853
1697 1698
1628 1629
49 50
4864 4865
1750 1752
1640 1641
1773 1775
1657 1660
1683 1686
1683 1684
4878 4879
4921 4924
4869 4870
1607 1608
1606 1607
4895 4896
4894 4896
4933 4935
3944 3945
3943 3944
4827 4828
4827 4829
1704 1705
1704 1705
4812 4813
1723 1724
4824 4825
1729 1730
1728 1730
809 810
1591 1592
4802 4803
4801 4802
4801 4802
1650 1651
4865 4866
4884 4885
48 49
3933 3934
4785 4786
4791 4792
4781 4782
4781 4783
44 45
4870 4871
4869 4870
4869 4870
1612 1613
1652 1653
1664 1665
4792 4793
4791 4793
1759 1762
1754 1759
4875 4876
1729 1730
1729 1730
4769 4771
806 807
805 806
4810 4811
1683 1684
1564 1565
1580 1581
1679 1680
1687 1688
1671 1672
1669 1671
1655 1656
1654 1655
805 806
805 806
805 806
805 806
4745 4746
1644 1647
4832 4833
4859 4860
4844 4845
4844 4845
4820 4821
1724 1725
1567 1568
1567 1569
1566 1568
1557 1558
1561 1562
1560 1561
1559 1562
8 10
4784 4785
1605 1606
1604 1605
2512 2513
1627 1628
1626 1627
1626 1627
1582 1583
1581 1582
1578 1579
1578 1579
1707 1708
1706 1707
4789 4790
4789 4791
4787 4790
1717 1719
21 22
20 21
23 24
23 26
3866 3867
3866 3867
3866 3867
3866 3867
3865 3866
4722 4723
4721 4723
4721 4722
1580 1583
1587 1588
35 36
34 35
34 35
4776 4779
4775 4776
4786 4788
1634 1636
1634 1635
4741 4743
1641 1642
4781 4782
4715 4717
1682 1684
1687 1688
1685 1687
4718 4719
4717 4718
1567 1568
1595 1597
1595 1597
4701 4702
4701 4702
4701 4703
4700 4701
1659 1660
1658 1660
1664 1666
4740 4742
4737 4740
4737 4738
1572 1573
1572 1574
1570 1572
1625 1627
1612 1613
1611 1612
1611 1612
3 4
3828 3829
3828 3829
3827 3828
3827 3828
3827 3828
3827 3828
3826 3827
4728 4729
4726 4728
4725 4726
1632 1634
4688 4689
1572 1573
1571 1572
1538 1539
1538 1539
1620 1621
1649 1651
1621 1622
1620 1622
1659 1660
2444 2445
2443 2444
4673 4674
4671 4675
4691 4693
4690 4692
4690 4692
1 2
1 2
4663 4664
4663 4664
4661 4664
4661 4662
3 4
3 5
1597 1598
1595 1597
4681 4682
4679 4681
1610 1613
1639 1640
1636 1639
4659 4660
4659 4662
4658 4660
1575 1576
1573 1575
1573 1575
1571 1573
1548 1549
1634 1635
1633 1634
1633 1635
0 2
19 20
19 21
1534 1537
1570 1572
4631 4634
782 783
781 782
780 781
779 780
778 779
778 779
777 778
777 778
777 778
776 777
776 777
776 777
776 777
776 777
776 777
775 776
774 775
774 775
773 774
773 774
773 774
3 4
0 5
4619 4620
4619 4621
4617 4620
4613 4617
4 5
4 6
1576 1578
20 21
3741 3742
3740 3741
3739 3740
3739 3740
3739 3740
3738 3739
3737 3738
3737 3738
1574 1575
1574 1576
1513 1514
1513 1515
1511 1513
1509 1511
1507 1511
1505 1507
1504 1507
1504 1508
1503 1505
1503 1506
4541 4542
4540 4541
4540 4543
1512 1513
4540 4541
4540 4541
4540 4543
4539 4544
1529 1530
1529 1533
1529 1532
1532 1534
1530 1532
1528 1530
763 764
762 763
761 762
760 761
759 760
758 759
758 759
758 759
758 759
758 759
758 759
757 758
757 758
756 757
756 757
755 756
755 756
754 755
754 755
2310 2311
2310 2311
2309 2310
2308 2309
2307 2308
2307 2308
2307 2308
2306 2307
2305 2306
2305 2306
2304 2305
2303 2304
2302 2303
2302 2303
2302 2303
2301 2302
2301 2302
2301 2302
2300 2301
2299 2300
2298 2299
2297 2298
2296 2297
2295 2296
2294 2295
2293 2294
2293 2294
2293 2294
2293 2294
2293 2294
2293 2294
2292 2293
2291 2292
2290 2291
2290 2291
2289 2290
2288 2289
2288 2289
2287 2288
2287 2288
2287 2288
2286 2287
2286 2287
2286 2287
2286 2287
2285 2286
2285 2286
2284 2285
2284 2285
2284 2285
2283 2284
2282 2283
2281 2282
2281 2282
2281 2282
2280 2281
2279 2280
2278 2279
2278 2279
2278 2279
2278 2279
2277 2278
2276 2277
3612 3613
3612 3613
3611 3612
3611 3612
3611 3612
3611 3612
3611 3612
3611 3612
3611 3612
3610 3611
3610 3611
3609 3610
3609 3610
3609 3610
3609 3610
3608 3609
3607 3608
3606 3607
3605 3606
3605 3606
3605 3606
3605 3606
3604 3605
3604 3605
3604 3605
3604 3605
3603 3604
3602 3603
3602 3603
3602 3603
3601 3602
3601 3602
3600 3601
1502 1503
1500 1502
1499 1500
1498 1499
1498 1499
1498 1499
3592 3593
3591 3592
3590 3591
3590 3591
3590 3591
3590 3591
3590 3591
3589 3590
3589 3590
3589 3590
3588 3589
3587 3588
3586 3587
3585 3586
3584 3585
3584 3585
3584 3585
3584 3585
3584 3585
3584 3585
3583 3584
3582 3583
3581 3582
3580 3581
3579 3580
3579 3580
3578 3579
3578 3579
3577 3578
3577 3578
3576 3577
3576 3577
3576 3577
3576 3577
3575 3576
3575 3576
3574 3575
3574 3575
3573 3574
3573 3574
3573 3574
3572 3573
3572 3573
3572 3573
3571 3572
3570 3571
3570 3571
3569 3570
3568 3569
3568 3569
3568 3569
3568 3569
3568 3569
3567 3568
3567 3568
3566 3567
3565 3566
3565 3566
3565 3566
3564 3565
3564 3565
3563 3564
3562 3563
3561 3562
3560 3561
3560 3561
3560 3561
3559 3560
3559 3560
3558 3559
3558 3559
3558 3559
3557 3558
3556 3557
3556 3557
3556 3557
3555 3556
3554 3555
3553 3554
3553 3554
3552 3553
3551 3552
3550 3551
3550 3551
3549 3550
3549 3550
3549 3550
3548 3549
3547 3548
3547 3548
3547 3548
3547 3548
3547 3548
3546 3547
3546 3547
3545 3546
3545 3546
3545 3546
3544 3545
3543 3544
3542 3543
3542 3543
1493 1495
1492 1494
1488 1493
1486 1488
1485 1490
1480 1485
4 7
2 7
1 3
1 5
4276 4279
4275 4276
4274 4276
4272 4275
2234 2235
2234 2235
2234 2235
2233 2234
2232 2233
2231 2232
2231 2232
2231 2232
2231 2232
2230 2231
2229 2230
2228 2229
2228 2229
2228 2229
2227 2228
2227 2228
2226 2227
2225 2226
2225 2226
2224 2225
2224 2225
2223 2224
2222 2223
2222 2223
2221 2222
2221 2222
2221 2222
2220 2221
2220 2221
2220 2221
2220 2221
2220 2221
2220 2221
2220 2221
2219 2220
2218 2219
2217 2218
2217 2218
2217 2218
2216 2217
2216 2217
2216 2217
2215 2216
2214 2215
2213 2214
2213 2214
2213 2214
2213 2214
2213 2214
2212 2213
2211 2212
2210 2211
2210 2211
2210 2211
2210 2211
2209 2210
2209 2210
2208 2209
2208 2209
2207 2208
2207 2208
2207 2208
2206 2207
2205 2206
2205 2206
2204 2205
2204 2205
2203 2204
2202 2203
2201 2202
2201 2202
2200 2201
2200 2201
2200 2201
2199 2200
2198 2199
2198 2199
2198 2199
2198 2199
2197 2198
2196 2197
2196 2197
2195 2196
2194 2195
2193 2194
2192 2193
2191 2192
2190 2191
2190 2191
2189 2190
739 740
738 739
737 738
737 738
737 738
737 738
736 737
735 736
735 736
735 736
734 735
734 735
734 735
733 734
732 733
732 733
731 732
730 731
729 730
728 729
728 729
727 728
727 728
727 728
726 727
726 727
725 726
725 726
725 726
724 725
724 725
723 724
723 724
723 724
722 723
721 722
721 722
720 721
719 720
719 720
718 719
717 718
717 718
716 717
715 716
714 715
713 714
712 713
711 712
711 712
710 711
710 711
710 711
709 710
708 709
708 709
707 708
706 707
706 707
706 707
706 707
706 707
706 707
705 706
705 706
705 706
704 705
704 705
704 705
703 704
703 704
702 703
701 702
701 702
701 702
700 701
699 700
698 699
697 698
696 697
696 697
695 696
695 696
694 695
694 695
694 695
693 694
693 694
693 694
692 693
691 692
691 692
690 691
690 691
690 691
689 690
688 689
687 688
686 687
685 686
685 686
685 686
685 686
685 686
684 685
683 684
682 683
682 683
682 683
681 682
680 681
680 681
680 681
679 680
679 680
678 679
678 679
678 679
677 678
677 678
676 677
675 676
675 676
674 675
673 674
672 673
671 672
671 672
671 672
670 671
669 670
669 670
668 669
668 669
668 669
668 669
667 668
667 668
666 667
666 667
665 666
665 666
665 666
664 665
664 665
663 664
662 663
662 663
661 662
661 662
660 661
659 660
659 660
658 659
657 658
657 658
656 657
655 656
654 655
653 654
652 653
652 653
652 653
651 652
650 651
650 651
650 651
649 650
648 649
647 648
647 648
646 647
646 647
645 646
645 646
645 646
645 646
644 645
643 644
643 644
643 644
643 644
643 644
642 643
642 643
641 642
640 641
640 641
640 641
640 641
640 641
640 641
640 641
640 641
640 641
640 641
640 641
640 641
639 640
638 639
637 638
636 637
636 637
635 636
635 636
634 635
633 634
633 634
632 633
632 633
632 633
632 633
631 632
630 631
630 631
630 631
629 630
628 629
627 628
626 627
626 627
626 627
626 627
626 627
626 627
626 627
625 626
625 626
624 625
624 625
623 624
623 624
623 624
622 623
622 623
621 622
621 622
620 621
620 621
620 621
619 620
619 620
618 619
618 619
617 618
617 618
617 618
616 617
616 617
616 617
616 617
616 617
615 616
614 615
614 615
613 614
613 614
613 614
613 614
613 614
613 614
612 613
612 613
611 612
610 611
610 611
610 611
610 611
609 610
608 609
607 608
607 608
607 608
606 607
606 607
606 607
606 607
606 607
605 606
604 605
603 604
602 603
601 602
600 601
599 600
598 599
597 598
597 598
596 597
595 596
595 596
594 595
594 595
594 595
593 594
592 593
591 592
590 591
590 591
589 590
588 589
588 589
587 588
587 588
587 588
587 588
586 587
586 587
586 587
586 587
585 586
585 586
585 586
585 586
584 585
584 585
584 585
584 585
583 584
582 583
581 582
580 581
579 580
579 580
579 580
578 579
578 579
577 578
577 578
577 578
576 577
575 576
574 575
573 574
572 573
572 573
571 572
571 572
570 571
569 570
568 569
568 569
567 568
566 567
565 566
565 566
564 565
563 564
563 564
563 564
563 564
562 563
562 563
561 562
561 562
561 562
561 562
561 562
560 561
559 560
559 560
558 559
557 558
557 558
556 557
556 557
556 557
555 556
554 555
553 554
552 553
551 552
550 551
549 550
549 550
549 550
549 550
549 550
548 549
547 548
546 547
546 547
546 547
545 546
544 545
544 545
543 544
542 543
542 543
541 542
541 542
540 541
540 541
539 540
538 539
538 539
538 539
537 538
536 537
536 537
536 537
536 537
535 536
534 535
534 535
533 534
533 534
533 534
532 533
531 532
530 531
529 530
528 529
528 529
528 529
528 529
527 528
527 528
527 528
527 528
526 527
525 526
524 525
524 525
524 525
523 524
522 523
522 523
522 523
522 523
522 523
521 522
520 521
519 520
519 520
519 520
518 519
518 519
517 518
516 517
516 517
515 516
515 516
515 516
515 516
515 516
515 516
514 515
513 514
513 514
513 514
512 513
511 512
510 511
510 511
509 510
509 510
509 510
508 509
508 509
508 509
507 508
506 507
506 507
506 507
505 506
504 505
503 504
502 503
501 502
500 501
500 501
500 501
499 500
499 500
499 500
499 500
499 500
498 499
497 498
497 498
496 497
495 496
495 496
495 496
495 496
494 495
494 495
494 495
493 494
492 493
492 493
492 493
492 493
491 492
490 491
489 490
488 489
488 489
488 489
488 489
488 489
488 489
488 489
487 488
486 487
485 486
485 486
485 486
485 486
484 485
483 484
482 483
482 483
482 483
481 482
480 481
480 481
479 480
478 479
478 479
477 478
477 478
476 477
475 476
474 475
474 475
474 475
473 474
472 473
472 473
471 472
470 471
470 471
470 471
470 471
469 470
469 470
469 470
468 469
468 469
467 468
467 468
467 468
466 467
465 466
464 465
464 465
463 464
462 463
462 463
461 462
461 462
460 461
460 461
459 460
459 460
459 460
458 459
458 459
458 459
457 458
457 458
457 458
457 458
456 457
456 457
456 457
455 456
454 455
453 454
452 453
452 453
452 453
451 452
450 451
449 450
449 450
449 450
449 450
448 449
448 449
448 449
448 449
447 448
447 448
447 448
446 447
446 447
446 447
445 446
445 446
444 445
443 444
442 443
442 443
442 443
441 442
440 441
440 441
440 441
439 440
438 439
437 438
436 437
436 437
436 437
436 437
436 437
436 437
435 436
435 436
435 436
434 435
434 435
433 434
433 434
432 433
432 433
432 433
431 432
430 431
430 431
429 430
428 429
428 429
428 429
427 428
426 427
426 427
425 426
425 426
425 426
424 425
423 424
423 424
422 423
421 422
421 422
420 421
419 420
418 419
418 419
418 419
417 418
416 417
416 417
416 417
416 417
415 416
415 416
414 415
413 414
413 414
413 414
412 413
411 412
411 412
411 412
411 412
411 412
410 411
410 411
409 410
408 409
408 409
407 408
406 407
406 407
406 407
406 407
405 406
405 406
405 406
404 405
404 405
404 405
403 404
402 403
401 402
401 402
400 401
399 400
398 399
398 399
398 399
397 398
397 398
397 398
397 398
396 397
396 397
396 397
395 396
395 396
394 395
393 394
393 394
393 394
392 393
392 393
391 392
391 392
390 391
389 390
388 389
387 388
386 387
386 387
386 387
386 387
386 387
385 386
385 386
384 385
384 385
384 385
383 384
382 383
381 382
380 381
379 380
378 379
377 378
377 378
376 377
375 376
374 375
374 375
373 374
372 373
371 372
371 372
371 372
370 371
369 370
368 369
367 368
366 367
366 367
366 367
365 366
365 366
364 365
363 364
362 363
361 362
360 361
359 360
358 359
357 358
357 358
357 358
356 357
355 356
355 356
355 356
355 356
355 356
355 356
354 355
353 354
352 353
352 353
351 352
351 352
351 352
350 351
349 350
348 349
347 348
347 348
347 348
346 347
346 347
345 346
344 345
343 344
342 343
341 342
341 342
341 342
340 341
339 340
338 339
338 339
338 339
337 338
337 338
336 337
335 336
334 335
334 335
334 335
333 334
333 334
333 334
333 334
333 334
332 333
332 333
332 333
331 332
331 332
331 332
330 331
330 331
330 331
329 330
329 330
328 329
328 329
327 328
326 327
326 327
325 326
324 325
324 325
323 324
323 324
322 323
322 323
321 322
320 321
320 321
320 321
320 321
319 320
319 320
319 320
319 320
318 319
317 318
316 317
315 316
315 316
314 315
314 315
313 314
313 314
312 313
312 313
312 313
312 313
311 312
310 311
310 311
310 311
309 310
308 309
307 308
306 307
305 306
305 306
304 305
2562 2563
2562 2563
2562 2563
2561 2562
2561 2562
2560 2561
2559 2560
2558 2559
2557 2558
2557 2558
2556 2557
2555 2556
2554 2555
2554 2555
2554 2555
2554 2555
2553 2554
2552 2553
2551 2552
2550 2551
2549 2550
2548 2549
2547 2548
2546 2547
2545 2546
2544 2545
2544 2545
2544 2545
2543 2544
2542 2543
2541 2542
2540 2541
2539 2540
2539 2540
2539 2540
2539 2540
2539 2540
2538 2539
2538 2539
2537 2538
2537 2538
2536 2537
2535 2536
2535 2536
2534 2535
2533 2534
2532 2533
2531 2532
2531 2532
2530 2531
2529 2530
2528 2529
2527 2528
2526 2527
2525 2526
2525 2526
2525 2526
2524 2525
2524 2525
2524 2525
2523 2524
2522 2523
2522 2523
2521 2522
2520 2521
2519 2520
2518 2519
2518 2519
2517 2518
2517 2518
2516 2517
2515 2516
2515 2516
2514 2515
2513 2514
2513 2514
2513 2514
2513 2514
2513 2514
2513 2514
2513 2514
2513 2514
2512 2513
2511 2512
2511 2512
2511 2512
2511 2512
2510 2511
2509 2510
2508 2509
2508 2509
2507 2508
2507 2508
2506 2507
2506 2507
2505 2506
2504 2505
2504 2505
2503 2504
2503 2504
2503 2504
2503 2504
2502 2503
2502 2503
2502 2503
2502 2503
2501 2502
2501 2502
2501 2502
2500 2501
2500 2501
2500 2501
2499 2500
2499 2500
2498 2499
2497 2498
2496 2497
2496 2497
2495 2496
2495 2496
2495 2496
2494 2495
2494 2495
2493 2494
2493 2494
2493 2494
2493 2494
2493 2494
2493 2494
2493 2494
2492 2493
2492 2493
2491 2492
2490 2491
2490 2491
2490 2491
2490 2491
2489 2490
2489 2490
2489 2490
2488 2489
2487 2488
2487 2488
2486 2487
2485 2486
2484 2485
2483 2484
2483 2484
2483 2484
2483 2484
2483 2484
2483 2484
2482 2483
2482 2483
2481 2482
2481 2482
2481 2482
2481 2482
2481 2482
2480 2481
2480 2481
2480 2481
2480 2481
2479 2480
2478 2479
2478 2479
2477 2478
2476 2477
2476 2477
2475 2476
2474 2475
2474 2475
2474 2475
2473 2474
2472 2473
2472 2473
2471 2472
2470 2471
2469 2470
2469 2470
2469 2470
2468 2469
2467 2468
2467 2468
2466 2467
2465 2466
2465 2466
2465 2466
2464 2465
2463 2464
2462 2463
2461 2462
2461 2462
2461 2462
2461 2462
2460 2461
2460 2461
2460 2461
2460 2461
2460 2461
2459 2460
2459 2460
2459 2460
2459 2460
2459 2460
2459 2460
2459 2460
2459 2460
2458 2459
2458 2459
2457 2458
2457 2458
2457 2458
2457 2458
2457 2458
2456 2457
2455 2456
2455 2456
2454 2455
2454 2455
2453 2454
2452 2453
2451 2452
2450 2451
303 304
302 303
301 302
301 302
301 302
301 302
301 302
300 301
299 300
298 299
298 299
297 298
297 298
296 297
295 296
295 296
295 296
295 296
295 296
295 296
294 295
294 295
294 295
293 294
293 294
293 294
292 293
291 292
290 291
289 290
289 290
288 289
288 289
287 288
287 288
286 287
285 286
284 285
284 285
283 284
282 283
282 283
281 282
281 282
280 281
280 281
280 281
279 280
278 279
277 278
277 278
276 277
275 276
275 276
275 276
274 275
274 275
274 275
274 275
274 275
273 274
273 274
273 274
273 274
273 274
272 273
272 273
271 272
271 272
270 271
269 270
269 270
268 269
267 268
267 268
267 268
266 267
266 267
265 266
264 265
263 264
263 264
263 264
263 264
262 263
261 262
260 261
259 260
258 259
257 258
257 258
257 258
257 258
257 258
256 257
255 256
254 255
253 254
252 253
252 253
251 252
251 252
250 251
250 251
249 250
249 250
249 250
248 249
247 248
246 247
245 246
245 246
245 246
244 245
244 245
243 244
242 243
241 242
240 241
239 240
239 240
238 239
238 239
237 238
237 238
236 237
236 237
235 236
235 236
234 235
234 235
233 234
233 234
233 234
233 234
233 234
232 233
232 233
232 233
231 232
231 232
230 231
229 230
228 229
228 229
228 229
228 229
228 229
227 228
227 228
226 227
226 227
226 227
226 227
226 227
225 226
224 225
224 225
224 225
224 225
223 224
223 224
222 223
221 222
221 222
220 221
220 221
219 220
219 220
218 219
217 218
216 217
215 216
215 216
214 215
214 215
213 214
212 213
212 213
212 213
211 212
210 211
209 210
208 209
208 209
207 208
206 207
205 206
205 206
205 206
205 206
205 206
204 205
203 204
202 203
202 203
201 202
200 201
200 201
200 201
200 201
199 200
199 200
198 199
197 198
196 197
196 197
195 196
194 195
194 195
193 194
193 194
193 194
192 193
192 193
192 193
191 192
190 191
190 191
189 190
189 190
189 190
189 190
188 189
188 189
187 188
186 187
185 186
185 186
184 185
184 185
184 185
184 185
184 185
184 185
184 185
183 184
183 184
183 184
182 183
181 182
181 182
180 181
180 181
179 180
179 180
178 179
177 178
176 177
175 176
174 175
174 175
173 174
172 173
171 172
171 172
171 172
171 172
171 172
171 172
171 172
170 171
169 170
168 169
167 168
167 168
166 167
166 167
165 166
165 166
165 166
164 165
164 165
164 165
164 165
163 164
163 164
163 164
163 164
163 164
162 163
162 163
162 163
161 162
160 161
160 161
159 160
159 160
158 159
158 159
157 158
157 158
157 158
157 158
156 157
156 157
156 157
155 156
154 155
154 155
153 154
152 153
151 152
151 152
151 152
151 152
151 152
150 151
150 151
150 151
150 151
150 151
150 151
149 150
149 150
149 150
148 149
147 148
146 147
145 146
144 145
143 144
142 143
141 142
141 142
140 141
139 140
139 140
139 140
139 140
139 140
139 140
138 139
137 138
137 138
137 138
136 137
136 137
135 136
134 135
133 134
133 134
132 133
132 133
131 132
130 131
129 130
129 130
129 130
128 129
128 129
128 129
127 128
126 127
126 127
126 127
125 126
125 126
125 126
124 125
124 125
123 124
122 123
122 123
121 122
121 122
120 121
120 121
119 120
118 119
117 118
117 118
116 117
116 117
115 116
115 116
115 116
115 116
114 115
114 115
113 114
113 114
112 113
112 113
112 113
112 113
111 112
110 111
109 110
109 110
108 109
107 108
107 108
106 107
106 107
105 106
105 106
104 105
104 105
104 105
103 104
102 103
101 102
101 102
100 101
99 100
98 99
98 99
98 99
97 98
96 97
96 97
95 96
94 95
94 95
93 94
93 94
92 93
91 92
90 91
89 90
89 90
89 90
88 89
88 89
87 88
87 88
86 87
85 86
85 86
84 85
83 84
83 84
83 84
83 84
82 83
82 83
82 83
81 82
81 82
81 82
81 82
80 81
80 81
80 81
79 80
79 80
78 79
78 79
77 78
77 78
76 77
76 77
76 77
76 77
76 77
75 76
75 76
75 76
74 75
73 74
73 74
72 73
72 73
71 72
70 71
69 70
68 69
67 68
66 67
66 67
65 66
65 66
64 65
63 64
63 64
63 64
63 64
63 64
63 64
62 63
62 63
61 62
60 61
60 61
59 60
58 59
58 59
58 59
57 58
56 57
55 56
55 56
54 55
53 54
53 54
52 53
51 52
51 52
50 51
50 51
49 50
48 49
48 49
47 48
47 48
46 47
45 46
45 46
45 46
45 46
44 45
43 44
42 43
41 42
41 42
40 41
40 41
39 40
38 39
38 39
38 39
37 38
37 38
37 38
37 38
37 38
37 38
36 37
36 37
36 37
35 36
34 35
34 35
34 35
34 35
34 35
33 34
33 34
32 33
31 32
31 32
30 31
29 30
29 30
28 29
28 29
27 28
27 28
26 27
26 27
25 26
25 26
24 25
24 25
23 24
23 24
22 23
21 22
21 22
21 22
21 22
20 21
20 21
19 20
19 20
19 20
19 20
18 19
17 18
16 17
15 16
14 15
14 15
14 15
14 15
14 15
14 15
14 15
14 15
14 15
13 14
12 13
12 13
11 12
11 12
11 12
11 12
10 11
10 11
10 11
9 10
9 10
9 10
8 9
7 8
7 8
7 8
6 9
4 8
2 4
13 14
13 15
10 14
9 11
7 10
1831 1832
1830 1831
1829 1830
1828 1829
1828 1829
1828 1829
1828 1829
1828 1829
1828 1829
1828 1829
1827 1828
1827 1828
1827 1828
1827 1828
1827 1828
1826 1827
1826 1827
1825 1826
1825 1826
1824 1825
1824 1825
1823 1824
1822 1823
1822 1823
1821 1822
1820 1821
1819 1820
1819 1820
1819 1820
1818 1819
1817 1818
1817 1818
1817 1818
1816 1817
1815 1816
1814 1815
1814 1815
1813 1814
1812 1813
1812 1813
1811 1812
1811 1812
1811 1812
1810 1811
1809 1810
1808 1809
1808 1809
1807 1808
1806 1807
1805 1806
1805 1806
1805 1806
1805 1806
1805 1806
1805 1806
1805 1806
1805 1806
1804 1805
1804 1805
1804 1805
1803 1804
1803 1804
1803 1804
1802 1803
1802 1803
1801 1802
1800 1801
1800 1801
1799 1800
1799 1800
1798 1799
1797 1798
1796 1797
1796 1797
1796 1797
1796 1797
1795 1796
1794 1795
1794 1795
1794 1795
1794 1795
1793 1794
1793 1794
1792 1793
1792 1793
1792 1793
1791 1792
1791 1792
1791 1792
1791 1792
1791 1792
1791 1792
1791 1792
1791 1792
1790 1791
1789 1790
1788 1789
1787 1788
1787 1788
1786 1787
1786 1787
1786 1787
1786 1787
1786 1787
1786 1787
1785 1786
1784 1785
1783 1784
1783 1784
1783 1784
1782 1783
1781 1782
1781 1782
1780 1781
1780 1781
1780 1781
1780 1781
1780 1781
1780 1781
1780 1781
1779 1780
1778 1779
1778 1779
1777 1778
1776 1777
1776 1777
1776 1777
1776 1777
1775 1776
1775 1776
1775 1776
1774 1775
1774 1775
1773 1774
1773 1774
1773 1774
1773 1774
1773 1774
1772 1773
1771 1772
1770 1771
1770 1771
1769 1770
1768 1769
1767 1768
1767 1768
1767 1768
1766 1767
1765 1766
1764 1765
1763 1764
1763 1764
1762 1763
1761 1762
1760 1761
1760 1761
1759 1760
1759 1760
1758 1759
1757 1758
1757 1758
1756 1757
1755 1756
1755 1756
1755 1756
1754 1755
1753 1754
1752 1753
1751 1752
1750 1751
1749 1750
1748 1749
1747 1748
1746 1747
1746 1747
1745 1746
1745 1746
1744 1745
1743 1744
1743 1744
1742 1743
1741 1742
1740 1741
1740 1741
1739 1740
1738 1739
1738 1739
1737 1738
1737 1738
1737 1738
1737 1738
1737 1738
1737 1738
1736 1737
1735 1736
1734 1735
1733 1734
1733 1734
1733 1734
1733 1734
1733 1734
1733 1734
1732 1733
1732 1733
1732 1733
1731 1732
1730 1731
1730 1731
1729 1730
1729 1730
1729 1730
1728 1729
1727 1728
1726 1727
1726 1727
1725 1726
1724 1725
1724 1725
1723 1724
1723 1724
1722 1723
1721 1722
1720 1721
1719 1720
1718 1719
1718 1719
1717 1718
1717 1718
1717 1718
1717 1718
1716 1717
1716 1717
1716 1717
1716 1717
1715 1716
1714 1715
1713 1714
1712 1713
1712 1713
1712 1713
1712 1713
1712 1713
1711 1712
1710 1711
1709 1710
1708 1709
1708 1709
1708 1709
1708 1709
1707 1708
1707 1708
1706 1707
1706 1707
1706 1707
1706 1707
1705 1706
1704 1705
1703 1704
1702 1703
1701 1702
1700 1701
1700 1701
1699 1700
1698 1699
1698 1699
1697 1698
1696 1697
1696 1697
1696 1697
1696 1697
1695 1696
1695 1696
1694 1695
1693 1694
1693 1694
1693 1694
1693 1694
1693 1694
1692 1693
1691 1692
1690 1691
1690 1691
1689 1690
1688 1689
1687 1688
1686 1687
1686 1687
1686 1687
1686 1687
1686 1687
1686 1687
1686 1687
1685 1686
1684 1685
1683 1684
1683 1684
1682 1683
1682 1683
1681 1682
1681 1682
1680 1681
1679 1680
1679 1680
1679 1680
1678 1679
1678 1679
1677 1678
1677 1678
1677 1678
1676 1677
1675 1676
1675 1676
1674 1675
1673 1674
1672 1673
1671 1672
1670 1671
1670 1671
1669 1670
1669 1670
1668 1669
1667 1668
1666 1667
1665 1666
1665 1666
1664 1665
1664 1665
1664 1665
1664 1665
1663 1664
1662 1663
1661 1662
1661 1662
1660 1661
1659 1660
1658 1659
1658 1659
1657 1658
1657 1658
1657 1658
1656 1657
1656 1657
1655 1656
1654 1655
1653 1654
1653 1654
1652 1653
1652 1653
1652 1653
1651 1652
1650 1651
1649 1650
1648 1649
1648 1649
1647 1648
1647 1648
1646 1647
1645 1646
1645 1646
1645 1646
1645 1646
1644 1645
1643 1644
1642 1643
1641 1642
1641 1642
1641 1642
1640 1641
1640 1641
1640 1641
1640 1641
1639 1640
1639 1640
1638 1639
1637 1638
1637 1638
1637 1638
1637 1638
1637 1638
1636 1637
1635 1636
1634 1635
1633 1634
1633 1634
1633 1634
1633 1634
1632 1633
1631 1632
1630 1631
1630 1631
1630 1631
1629 1630
1628 1629
1628 1629
1628 1629
1628 1629
1627 1628
1627 1628
1626 1627
1625 1626
1625 1626
1624 1625
1624 1625
1624 1625
1623 1624
1622 1623
1621 1622
1621 1622
1620 1621
1620 1621
1619 1620
1618 1619
1618 1619
1617 1618
1617 1618
1617 1618
1616 1617
1615 1616
1615 1616
1614 1615
1613 1614
1612 1613
1612 1613
1612 1613
1612 1613
1611 1612
1611 1612
1611 1612
1611 1612
1611 1612
1610 1611
1609 1610
1608 1609
1608 1609
1607 1608
1607 1608
1606 1607
1606 1607
1606 1607
1605 1606
1604 1605
1604 1605
1603 1604
1603 1604
1603 1604
1603 1604
1603 1604
1603 1604
1602 1603
1601 1602
1600 1601
1600 1601
1600 1601
1600 1601
1600 1601
1600 1601
1600 1601
1600 1601
1600 1601
1600 1601
1599 1600
1598 1599
1598 1599
1597 1598
1596 1597
1596 1597
1596 1597
1596 1597
1596 1597
1595 1596
1595 1596
1594 1595
1593 1594
1592 1593
1591 1592
1591 1592
1591 1592
1590 1591
1589 1590
1588 1589
1587 1588
1586 1587
1585 1586
1584 1585
1583 1584
1583 1584
1583 1584
1582 1583
1582 1583
1581 1582
1581 1582
1580 1581
1579 1580
1578 1579
1577 1578
1577 1578
1576 1577
1576 1577
1576 1577
1576 1577
1576 1577
1576 1577
1576 1577
1576 1577
1576 1577
1576 1577
1575 1576
1574 1575
1573 1574
1573 1574
1572 1573
1571 1572
1571 1572
1571 1572
1570 1571
1569 1570
1569 1570
1568 1569
1567 1568
1567 1568
1567 1568
1566 1567
1565 1566
1564 1565
1563 1564
1563 1564
1562 1563
1561 1562
1560 1561
1559 1560
1559 1560
1559 1560
1558 1559
1557 1558
1557 1558
1556 1557
1556 1557
1556 1557
1555 1556
1555 1556
1554 1555
1553 1554
1553 1554
1552 1553
1551 1552
1551 1552
1551 1552
1551 1552
1550 1551
1550 1551
1550 1551
1549 1550
1549 1550
1548 1549
1548 1549
1548 1549
1547 1548
1547 1548
1546 1547
1546 1547
1546 1547
1545 1546
1544 1545
1544 1545
1543 1544
1542 1543
1541 1542
1541 1542
1541 1542
1541 1542
1540 1541
1540 1541
1540 1541
1540 1541
1540 1541
1539 1540
1539 1540
1538 1539
1538 1539
1537 1538
1537 1538
1536 1537
1535 1536
1534 1535
1534 1535
1534 1535
1533 1534
1533 1534
1533 1534
1532 1533
1531 1532
1530 1531
1530 1531
1530 1531
1529 1530
1529 1530
1528 1529
1528 1529
1528 1529
1527 1528
1527 1528
1526 1527
1526 1527
1525 1526
1525 1526
1524 1525
1523 1524
1522 1523
1522 1523
1521 1522
1521 1522
1521 1522
1520 1521
1519 1520
1519 1520
1518 1519
1517 1518
1517 1518
1517 1518
1516 1517
1516 1517
1515 1516
1515 1516
1514 1515
1514 1515
1514 1515
1514 1515
1514 1515
1514 1515
1514 1515
1514 1515
1514 1515
1513 1514
1513 1514
1512 1513
1511 1512
1511 1512
1510 1511
1509 1510
1509 1510
1508 1509
1508 1509
1507 1508
1507 1508
1506 1507
1505 1506
1505 1506
1505 1506
1504 1505
1504 1505
1503 1504
1503 1504
1502 1503
1502 1503
1501 1502
1500 1501
1499 1500
1498 1499
1497 1498
1496 1497
1495 1496
1494 1495
1493 1494
1493 1494
1493 1494
1492 1493
1491 1492
1490 1491
1490 1491
1489 1490
1488 1489
1487 1488
1487 1488
1486 1487
1485 1486
1485 1486
1484 1485
1483 1484
1483 1484
1482 1483
1482 1483
1481 1482
1480 1481
1480 1481
1480 1481
1480 1481
1479 1480
1479 1480
1479 1480
1478 1479
1477 1478
1477 1478
1477 1478
1477 1478
1477 1478
1476 1477
1476 1477
1476 1477
1475 1476
1475 1476
1474 1475
1474 1475
1474 1475
1473 1474
1473 1474
1472 1473
1471 1472
1471 1472
1471 1472
1470 1471
1469 1470
1468 1469
1468 1469
1468 1469
1468 1469
1467 1468
1466 1467
1466 1467
1466 1467
1466 1467
1466 1467
1465 1466
1465 1466
1464 1465
1464 1465
1463 1464
1463 1464
1462 1463
1462 1463
1461 1462
1460 1461
1460 1461
1460 1461
1459 1460
1459 1460
1459 1460
1459 1460
1459 1460
1459 1460
1458 1459
1458 1459
1458 1459
1457 1458
1457 1458
1457 1458
1456 1457
1456 1457
1455 1456
1455 1456
1454 1455
1453 1454
1452 1453
1451 1452
1451 1452
1450 1451
1450 1451
1449 1450
1449 1450
1449 1450
1448 1449
1447 1448
1447 1448
1447 1448
1447 1448
1446 1447
1445 1446
1444 1445
1443 1444
1443 1444
1443 1444
1442 1443
1442 1443
1441 1442
1441 1442
1441 1442
1441 1442
1440 1441
1440 1441
1440 1441
1439 1440
1438 1439
1437 1438
1437 1438
1437 1438
1436 1437
1435 1436
1435 1436
1434 1435
1434 1435
1434 1435
1434 1435
1434 1435
1433 1434
1432 1433
1431 1432
1430 1431
1429 1430
1428 1429
1428 1429
1427 1428
1427 1428
1426 1427
1425 1426
1424 1425
1424 1425
1423 1424
1423 1424
1423 1424
1423 1424
1422 1423
1421 1422
1420 1421
1419 1420
1419 1420
1419 1420
1419 1420
1418 1419
1417 1418
1416 1417
1415 1416
1414 1415
1413 1414
1413 1414
1413 1414
1413 1414
1412 1413
1412 1413
1412 1413
1411 1412
1411 1412
1410 1411
1409 1410
1408 1409
1408 1409
1408 1409
1407 1408
1406 1407
1406 1407
1405 1406
1404 1405
1403 1404
1403 1404
1403 1404
1402 1403
1402 1403
1402 1403
1402 1403
1402 1403
1401 1402
1400 1401
1400 1401
1399 1400
1399 1400
1398 1399
1397 1398
1397 1398
1396 1397
1395 1396
1394 1395
1394 1395
1393 1394
1393 1394
1392 1393
1391 1392
1391 1392
1390 1391
1390 1391
1390 1391
1390 1391
1389 1390
1389 1390
1388 1389
1388 1389
1388 1389
1388 1389
1387 1388
1386 1387
1386 1387
1385 1386
1385 1386
1384 1385
1383 1384
1383 1384
1383 1384
1383 1384
1382 1383
1381 1382
1381 1382
1381 1382
1380 1381
1380 1381
1379 1380
1379 1380
1379 1380
1379 1380
1379 1380
1378 1379
1378 1379
1377 1378
1376 1377
1376 1377
1375 1376
1374 1375
1373 1374
1372 1373
1371 1372
1370 1371
1370 1371
1369 1370
1369 1370
1369 1370
1368 1369
1367 1368
1366 1367
1365 1366
1364 1365
1363 1364
1363 1364
1362 1363
1362 1363
1361 1362
1361 1362
1361 1362
1360 1361
1360 1361
1359 1360
1358 1359
1357 1358
1356 1357
1356 1357
1355 1356
1354 1355
1353 1354
1352 1353
1351 1352
1351 1352
1351 1352
1351 1352
1351 1352
1351 1352
1351 1352
1351 1352
1350 1351
1349 1350
1348 1349
1347 1348
1346 1347
1346 1347
1346 1347
1346 1347
1346 1347
1346 1347
1346 1347
1345 1346
1345 1346
1344 1345
1344 1345
1343 1344
1342 1343
1342 1343
1341 1342
1340 1341
1340 1341
1339 1340
1338 1339
1337 1338
1336 1337
1336 1337
1335 1336
1334 1335
1334 1335
1334 1335
1333 1334
1333 1334
1332 1333
1332 1333
1332 1333
1331 1332
1331 1332
1330 1331
1329 1330
1329 1330
1328 1329
1327 1328
1326 1327
1326 1327
1326 1327
1325 1326
1325 1326
1324 1325
1324 1325
1323 1324
1322 1323
1321 1322
1321 1322
1321 1322
1320 1321
1319 1320
1318 1319
1318 1319
1317 1318
1317 1318
1316 1317
1315 1316
1315 1316
1315 1316
1315 1316
1314 1315
1314 1315
1314 1315
1313 1314
1313 1314
1312 1313
1311 1312
1310 1311
1310 1311
1310 1311
1310 1311
1309 1310
1309 1310
1309 1310
1308 1309
1307 1308
1307 1308
1307 1308
1306 1307
1306 1307
1306 1307
1306 1307
1305 1306
1305 1306
1305 1306
1304 1305
1304 1305
1304 1305
1303 1304
1303 1304
1303 1304
1302 1303
1302 1303
1302 1303
1302 1303
1302 1303
1302 1303
1302 1303
1301 1302
1301 1302
1300 1301
1299 1300
1298 1299
1297 1298
1296 1297
1295 1296
1294 1295
1294 1295
1293 1294
1293 1294
1293 1294
1293 1294
1292 1293
1291 1292
1290 1291
1290 1291
1290 1291
1290 1291
1289 1290
1288 1289
1288 1289
1287 1288
1286 1287
1285 1286
1284 1285
1283 1284
1283 1284
1282 1283
1281 1282
1281 1282
1280 1281
1280 1281
1280 1281
1280 1281
1280 1281
1280 1281
1279 1280
1279 1280
1278 1279
1277 1278
1276 1277
1275 1276
1274 1275
1274 1275
1274 1275
1274 1275
1273 1274
1272 1273
1271 1272
1271 1272
1270 1271
1270 1271
1269 1270
1268 1269
1268 1269
1267 1268
1266 1267
1265 1266
1265 1266
1264 1265
1263 1264
1263 1264
1262 1263
1262 1263
1262 1263
1262 1263
1262 1263
1262 1263
1262 1263
1262 1263
714 715
713 714
712 713
711 712
711 712
711 712
710 711
710 711
709 710
708 709
708 709
707 708
706 707
705 706
705 706
704 705
704 705
703 704
703 704
703 704
703 704
702 703
701 702
701 702
701 702
701 702
701 702
701 702
700 701
700 701
699 700
698 699
697 698
697 698
697 698
696 697
695 696
695 696
694 695
693 694
693 694
692 693
691 692
690 691
690 691
690 691
690 691
689 690
688 689
688 689
687 688
686 687
686 687
685 686
684 685
684 685
683 684
683 684
682 683
682 683
682 683
681 682
681 682
681 682
681 682
681 682
681 682
681 682
681 682
681 682
680 681
680 681
679 680
678 679
678 679
678 679
677 678
676 677
676 677
676 677
675 676
675 676
675 676
675 676
674 675
673 674
673 674
673 674
672 673
672 673
672 673
672 673
671 672
671 672
671 672
671 672
671 672
671 672
671 672
670 671
670 671
669 670
668 669
667 668
666 667
665 666
664 665
664 665
663 664
663 664
662 663
662 663
662 663
662 663
662 663
661 662
661 662
661 662
660 661
660 661
660 661
660 661
660 661
659 660
659 660
658 659
658 659
658 659
658 659
658 659
657 658
657 658
656 657
656 657
656 657
655 656
655 656
654 655
653 654
652 653
651 652
650 651
649 650
648 649
648 649
647 648
647 648
646 647
645 646
644 645
644 645
643 644
643 644
642 643
641 642
641 642
640 641
639 640
639 640
638 639
637 638
636 637
635 636
634 635
633 634
633 634
633 634
632 633
631 632
631 632
630 631
629 630
628 629
627 628
626 627
625 626
625 626
624 625
623 624
623 624
622 623
621 622
620 621
620 621
620 621
620 621
620 621
620 621
619 620
619 620
619 620
619 620
618 619
617 618
617 618
617 618
617 618
616 617
615 616
615 616
614 615
613 614
613 614
613 614
613 614
612 613
611 612
611 612
610 611
610 611
610 611
610 611
609 610
608 609
608 609
607 608
606 607
605 606
604 605
604 605
604 605
603 604
602 603
602 603
602 603
602 603
601 602
600 601
600 601
599 600
599 600
599 600
599 600
599 600
598 599
598 599
597 598
596 597
595 596
594 595
594 595
594 595
593 594
592 593
592 593
592 593
591 592
591 592
590 591
590 591
589 590
589 590
588 589
587 588
587 588
587 588
587 588
586 587
586 587
586 587
585 586
585 586
585 586
584 585
584 585
584 585
583 584
583 584
583 584
582 583
581 582
580 581
579 580
578 579
578 579
578 579
578 579
578 579
577 578
576 577
576 577
575 576
575 576
574 575
574 575
574 575
574 575
574 575
573 574
573 574
573 574
573 574
573 574
572 573
571 572
570 571
570 571
569 570
568 569
568 569
567 568
566 567
566 567
566 567
565 566
564 565
563 564
562 563
561 562
561 562
561 562
561 562
560 561
559 560
559 560
558 559
557 558
557 558
556 557
555 556
555 556
555 556
554 555
553 554
552 553
552 553
551 552
551 552
550 551
549 550
549 550
548 549
548 549
548 549
548 549
547 548
546 547
545 546
545 546
544 545
544 545
544 545
544 545
543 544
543 544
543 544
543 544
542 543
541 542
540 541
540 541
540 541
540 541
540 541
539 540
539 540
538 539
538 539
537 538
537 538
536 537
535 536
534 535
533 534
533 534
532 533
531 532
531 532
531 532
531 532
530 531
530 531
529 530
529 530
528 529
527 528
527 528
526 527
525 526
525 526
525 526
524 525
524 525
523 524
523 524
522 523
522 523
522 523
522 523
521 522
520 521
519 520
518 519
517 518
517 518
516 517
516 517
516 517
516 517
515 516
515 516
515 516
514 515
513 514
512 513
512 513
512 513
512 513
511 512
510 511
510 511
510 511
509 510
509 510
508 509
508 509
507 508
506 507
505 506
504 505
503 504
503 504
503 504
502 503
501 502
501 502
500 501
499 500
499 500
498 499
497 498
497 498
496 497
496 497
495 496
494 495
494 495
493 494
493 494
492 493
492 493
491 492
490 491
490 491
489 490
488 489
488 489
487 488
487 488
486 487
486 487
485 486
485 486
484 485
484 485
484 485
483 484
483 484
482 483
481 482
481 482
480 481
480 481
480 481
480 481
479 480
479 480
479 480
478 479
478 479
478 479
478 479
477 478
476 477
476 477
476 477
475 476
474 475
474 475
473 474
472 473
471 472
470 471
469 470
469 470
468 469
467 468
466 467
466 467
465 466
465 466
465 466
465 466
464 465
464 465
464 465
463 464
463 464
462 463
461 462
461 462
460 461
459 460
459 460
459 460
458 459
458 459
457 458
457 458
457 458
456 457
456 457
456 457
455 456
455 456
455 456
454 455
454 455
454 455
453 454
453 454
453 454
452 453
452 453
452 453
451 452
450 451
449 450
448 449
448 449
448 449
447 448
447 448
446 447
446 447
446 447
446 447
445 446
444 445
443 444
443 444
443 444
442 443
441 442
441 442
440 441
440 441
439 440
438 439
437 438
437 438
437 438
436 437
435 436
434 435
434 435
434 435
433 434
433 434
433 434
432 433
432 433
432 433
432 433
431 432
431 432
431 432
430 431
430 431
429 430
428 429
428 429
427 428
427 428
426 427
425 426
424 425
423 424
422 423
422 423
422 423
422 423
421 422
420 421
420 421
419 420
418 419
418 419
417 418
416 417
416 417
415 416
414 415
414 415
413 414
412 413
412 413
411 412
410 411
410 411
410 411
409 410
408 409
407 408
407 408
407 408
406 407
405 406
404 405
403 404
403 404
402 403
401 402
400 401
400 401
400 401
400 401
399 400
399 400
399 400
399 400
399 400
399 400
398 399
398 399
397 398
397 398
397 398
396 397
395 396
395 396
394 395
394 395
394 395
394 395
394 395
393 394
393 394
393 394
392 393
391 392
390 391
390 391
390 391
390 391
389 390
389 390
389 390
388 389
387 388
386 387
386 387
385 386
384 385
383 384
382 383
382 383
381 382
381 382
380 381
379 380
379 380
379 380
378 379
378 379
377 378
376 377
376 377
375 376
374 375
373 374
373 374
372 373
371 372
370 371
369 370
368 369
367 368
367 368
366 367
365 366
364 365
363 364
362 363
362 363
362 363
361 362
361 362
361 362
360 361
359 360
359 360
358 359
358 359
357 358
356 357
355 356
354 355
354 355
354 355
353 354
352 353
352 353
352 353
352 353
352 353
351 352
351 352
351 352
351 352
350 351
350 351
349 350
349 350
348 349
348 349
347 348
346 347
345 346
345 346
344 345
344 345
343 344
342 343
342 343
342 343
342 343
341 342
340 341
340 341
339 340
338 339
337 338
337 338
337 338
336 337
336 337
335 336
334 335
333 334
332 333
331 332
330 331
329 330
328 329
327 328
326 327
326 327
325 326
325 326
324 325
324 325
323 324
323 324
322 323
321 322
320 321
319 320
319 320
319 320
319 320
319 320
319 320
318 319
318 319
317 318
317 318
316 317
316 317
315 316
315 316
315 316
315 316
315 316
314 315
313 314
312 313
311 312
311 312
310 311
310 311
310 311
310 311
309 310
308 309
308 309
307 308
307 308
306 307
305 306
304 305
304 305
303 304
302 303
301 302
300 301
299 300
299 300
299 300
298 299
297 298
297 298
296 297
295 296
294 295
293 294
292 293
292 293
291 292
291 292
291 292
291 292
290 291
290 291
290 291
289 290
288 289
287 288
287 288
287 288
286 287
286 287
285 286
284 285
283 284
283 284
282 283
281 282
280 281
279 280
278 279
278 279
278 279
278 279
277 278
277 278
276 277
275 276
274 275
273 274
273 274
273 274
273 274
273 274
272 273
272 273
271 272
270 271
269 270
268 269
267 268
266 267
266 267
265 266
265 266
265 266
264 265
264 265
264 265
263 264
263 264
262 263
261 262
260 261
260 261
259 260
258 259
257 258
257 258
256 257
255 256
255 256
255 256
254 255
254 255
254 255
253 254
253 254
253 254
252 253
251 252
250 251
249 250
248 249
247 248
246 247
245 246
244 245
243 244
243 244
243 244
242 243
241 242
240 241
239 240
239 240
239 240
239 240
238 239
237 238
237 238
236 237
236 237
236 237
235 236
234 235
233 234
233 234
233 234
232 233
232 233
232 233
231 232
231 232
230 231
229 230
229 230
228 229
228 229
228 229
228 229
228 229
227 228
227 228
226 227
226 227
225 226
225 226
224 225
224 225
223 224
222 223
221 222
220 221
220 221
219 220
218 219
217 218
217 218
216 217
215 216
215 216
215 216
214 215
213 214
213 214
213 214
212 213
212 213
212 213
211 212
210 211
209 210
208 209
208 209
208 209
208 209
208 209
207 208
206 207
205 206
205 206
204 205
204 205
204 205
203 204
202 203
201 202
200 201
200 201
200 201
199 200
198 199
197 198
197 198
197 198
196 197
196 197
195 196
194 195
193 194
193 194
193 194
193 194
193 194
193 194
193 194
192 193
191 192
190 191
189 190
189 190
188 189
187 188
186 187
186 187
186 187
186 187
186 187
186 187
185 186
185 186
184 185
183 184
183 184
182 183
182 183
181 182
180 181
180 181
180 181
179 180
179 180
179 180
178 179
178 179
178 179
177 178
176 177
175 176
174 175
173 174
172 173
172 173
171 172
171 172
171 172
170 171
170 171
169 170
168 169
168 169
168 169
167 168
167 168
166 167
165 166
164 165
163 164
162 163
162 163
162 163
162 163
162 163
161 162
160 161
160 161
160 161
160 161
159 160
158 159
157 158
157 158
156 157
155 156
155 156
154 155
154 155
153 154
152 153
151 152
150 151
149 150
149 150
149 150
149 150
149 150
149 150
148 149
148 149
148 149
147 148
147 148
147 148
147 148
146 147
145 146
144 145
143 144
142 143
142 143
141 142
141 142
140 141
140 141
139 140
138 139
137 138
136 137
135 136
135 136
135 136
135 136
135 136
135 136
134 135
134 135
134 135
133 134
133 134
132 133
132 133
132 133
131 132
131 132
131 132
130 131
130 131
130 131
130 131
129 130
129 130
128 129
128 129
128 129
128 129
127 128
127 128
127 128
126 127
126 127
126 127
126 127
125 126
125 126
125 126
124 125
123 124
122 123
121 122
121 122
121 122
121 122
120 121
120 121
120 121
119 120
118 119
118 119
117 118
117 118
116 117
115 116
114 115
114 115
114 115
114 115
113 114
112 113
112 113
111 112
110 111
109 110
108 109
107 108
107 108
106 107
106 107
105 106
104 105
103 104
103 104
102 103
101 102
101 102
101 102
101 102
100 101
99 100
99 100
99 100
98 99
98 99
97 98
96 97
96 97
96 97
96 97
96 97
95 96
94 95
93 94
92 93
92 93
92 93
91 92
90 91
89 90
89 90
89 90
89 90
89 90
89 90
88 89
88 89
88 89
87 88
87 88
87 88
87 88
86 87
85 86
84 85
84 85
83 84
83 84
83 84
82 83
82 83
81 82
80 81
79 80
78 79
77 78
76 77
76 77
76 77
75 76
75 76
75 76
75 76
75 76
75 76
74 75
73 74
72 73
72 73
72 73
71 72
70 71
70 71
69 70
69 70
69 70
69 70
69 70
69 70
68 69
68 69
68 69
67 68
67 68
66 67
65 66
64 65
63 64
62 63
62 63
62 63
62 63
61 62
61 62
61 62
60 61
59 60
59 60
58 59
58 59
58 59
57 58
57 58
56 57
56 57
55 56
54 55
53 54
53 54
53 54
53 54
53 54
53 54
52 53
52 53
51 52
51 52
51 52
50 51
50 51
49 50
49 50
49 50
49 50
48 49
47 48
47 48
47 48
47 48
47 48
46 47
45 46
44 45
44 45
44 45
43 44
43 44
43 44
43 44
42 43
42 43
41 42
40 41
39 40
39 40
38 39
37 38
36 37
35 36
34 35
33 34
32 33
31 32
31 32
30 31
29 30
29 30
28 29
28 29
27 28
26 27
26 27
26 27
26 27
26 27
26 27
25 26
25 26
25 26
25 26
24 25
23 24
23 24
22 23
21 22
21 22
20 21
20 21
20 21
19 20
18 19
18 19
17 18
16 17
15 16
14 15
14 16
14 15
13 15
8 13
7 9
5 7
5 10
2 7
0 2
