500 78 231
465
83
13
160
285
260
334
294
47
0
233
293
446
28
361
264
238
153
46
387
261
79
485
342
448
329
159
486
353
437
316
399
128
337
150
366
12
40
89
71
471
204
24
135
130
324
110
178
351
373
192
391
108
250
396
216
393
210
331
171
297
165
191
240
401
133
434
326
397
245
77
93
62
469
492
203
168
461
27
95
299
140
43
80
474
136
499
15
247
349
436
88
403
296
87
251
287
476
368
477
118
196
286
350
213
354
475
84
212
173
276
152
147
493
124
67
307
6
151
116
149
214
211
281
413
224
424
113
304
306
126
143
256
129
85
267
480
111
453
332
239
339
386
161
278
425
357
303
463
81
308
455
249
103
120
458
419
445
426
96
454
121
279
481
112
188
362
45
184
177
208
148
421
450
119
1
246
310
109
32
252
338
322
205
271
462
235
392
74
490
340
222
423
365
346
8
181
289
363
106
57
336
427
104
274
66
335
217
433
472
70
114
44
341
400
164
230
291
309
265
277
146
158
390
122
38
73
451
42
101
369
270
107
385
49
94
198
82
313
377
59
344
374
411
225
215
229
473
195
457
200
438
69
288
300
422
218
432
14
207
26
5
420
431
496
478
497
63
170
382
141
127
364
102
268
258
320
479
61
482
347
379
394
30
237
441
395
169
312
2
292
383
380
410
157
139
105
381
54
305
56
489
123
367
414
182
11
345
193
460
439
72
359
117
189
16
201
155
144
223
33
232
234
97
328
209
21
298
464
172
452
295
330
9
315
179
318
162
58
132
190
389
348
375
484
269
29
219
356
488
17
34
174
398
273
416
60
317
137
275
254
163
435
402
202
31
50
206
456
404
466
227
388
78
22
4
228
372
358
384
371
19
99
323
65
257
142
333
417
156
376
90
167
290
468
280
197
321
311
459
314
440
253
35
467
180
86
442
134
327
447
236
407
166
187
243
360
145
36
325
494
284
154
18
259
100
406
301
52
429
428
483
64
263
241
23
418
266
75
255
470
282
176
498
409
221
449
7
242
37
495
91
405
262
55
491
51
415
194
10
226
175
25
408
412
92
378
131
98
125
41
199
487
319
138
48
355
183
370
283
444
244
53
115
76
352
220
343
185
20
302
272
39
443
248
3
430
68
186
3 7
285 287
299 302
133 138
88 100
243 254
65 73
396 405
209 212
206 214
273 283
286 290
190 200
255 263
35 41
304 309
28 37
221 227
55 62
252 260
333 340
4 11
241 245
330 331
255 264
2 5
163 174
162 168
113 123
47 57
196 208
132 136
86 97
234 243
62 74
143 153
15 25
99 104
95 105
43 44
176 186
15 22
158 168
86 90
9 13
26 35
149 151
123 125
38 48
32 37
134 143
63 72
49 56
30 39
76 79
104 108
17 26
57 58
46 48
69 77
44 49
9 19
53 58
56 61
5 7
25 30
10 15
38 44
19 31
15 19
1 3
4 14
10 12
2 4
8 10
0 6
1 2
0 1
