5000 3116 4907
4881
883
4355
1206
3846
2031
393
2409
148
4780
3789
2199
4318
391
3050
1048
4214
2845
1502
2228
4980
1287
654
4322
332
2216
3300
3318
419
2093
3201
2341
4034
4601
1078
4
1793
1513
4146
4948
382
3377
4336
876
431
2795
2970
4296
526
3965
3307
4959
2872
1104
4850
268
4925
4911
3880
1596
4573
3774
994
2035
1786
4663
263
623
116
2465
3558
3614
574
1462
669
3463
4295
1305
1691
1520
3380
2015
1833
1379
2677
4985
650
3103
3596
969
4818
2600
1284
3657
376
3651
1567
2450
2622
2233
747
292
3276
1695
1034
2008
1829
4103
3542
2488
4075
2241
2082
3818
1604
2331
1186
3265
2621
2219
2209
920
784
2661
1620
975
1050
1525
2482
1040
2718
3954
831
4344
3946
740
3696
629
2067
1693
2550
3667
4762
2143
2673
2120
2381
2965
3881
4167
4542
1363
734
1278
637
2608
2322
4362
887
531
571
4408
992
1179
1860
1609
4482
4166
4707
4160
3997
2344
746
3203
2576
3008
1759
476
2919
1198
1002
2902
2124
1486
4169
2010
1926
4579
4761
1628
866
972
3060
3713
2823
1223
1956
3919
1999
23
4119
3676
2505
3268
2438
3521
532
3864
560
3665
4288
464
1209
1976
4607
1149
1395
3188
598
1668
2614
2519
2306
522
2983
3247
297
193
4147
2750
1744
3964
4695
1597
2174
4878
4479
2448
3799
473
3035
101
3817
3974
2361
797
3109
4326
4702
2706
4771
4300
4648
4589
2889
4731
1108
2512
3128
4629
3603
4451
1585
1768
2820
1107
3735
2772
339
2841
1464
3172
3030
2492
3472
2269
1806
1304
4184
4389
976
1446
3501
981
3145
2249
3120
3395
1982
826
1547
479
4580
1192
3730
3516
4456
4708
641
3325
175
4437
1554
864
3292
4590
4657
1438
491
1822
1618
1817
1837
1805
4468
3000
4487
680
1253
4722
4431
4526
2708
2454
1517
4509
3969
1405
430
3150
4565
266
4840
2801
3597
2893
1200
1908
3588
3231
32
4672
3621
3843
3638
3518
63
2116
904
3999
603
1923
2163
848
999
106
1255
4434
3375
3205
857
4826
1756
742
1854
4354
4374
127
468
4510
44
3355
982
4281
921
92
2694
2783
1931
663
583
2686
1031
3991
4211
1188
4175
2037
865
1317
68
2817
836
2272
4656
3227
3708
369
4757
1153
2572
3374
1889
968
3455
675
3441
587
2254
345
3036
3961
318
109
2933
4082
4235
4428
3953
2863
2475
4231
1019
2444
4784
4865
2202
1770
863
673
1624
667
633
3705
3215
751
338
4828
3466
223
2724
984
2598
3392
3039
2077
2374
4554
1949
4201
1098
2414
1512
1197
2930
3753
4337
1595
1842
789
2479
241
4620
3108
1076
2998
4520
4071
2871
224
465
178
1180
1551
4523
4021
444
47
2907
353
1227
4559
639
1957
3062
2655
1743
3663
1139
1809
1723
4524
1993
3994
2525
4000
1816
855
2611
429
3895
837
45
1753
2917
392
1295
1163
1497
162
977
4845
2515
3107
4385
4020
102
1205
1556
3574
1275
4769
4477
3258
3929
1603
3491
370
1260
3892
3298
3763
4106
1402
4807
118
2648
4432
1130
3177
3719
2359
1183
2148
4102
3680
2489
779
4163
4585
914
515
2761
3860
2301
1598
2979
4699
205
4314
4890
1063
51
88
527
3236
1683
643
123
2713
1731
705
4568
2286
2455
72
2800
1417
3220
2980
4424
4522
1613
1441
1713
4879
2222
1623
467
1337
316
1461
2447
4725
4402
2239
1727
2259
3270
4245
1839
709
3557
4316
278
4236
1769
304
2393
2867
1222
3248
3143
3850
3987
4425
4038
4529
2640
4229
1702
2579
3094
2117
15
374
2391
3437
1147
2843
2836
1967
549
1898
4467
2693
1602
3158
936
3802
1986
1799
2316
2118
1018
2765
2561
4877
4433
4097
3344
2557
2994
448
1470
3762
545
2779
1635
1720
1558
3186
3613
2087
2293
4404
2502
1672
4595
3146
3410
453
4888
488
642
3807
4495
1724
1213
564
1627
3152
1290
1789
4729
4928
2011
1690
3533
295
1607
328
2882
1728
599
2285
4263
2326
1626
164
1901
4839
3025
802
310
627
2975
3746
670
2342
4716
2424
2986
3044
3224
3674
3494
3508
2581
1679
214
656
704
2378
3882
4244
664
4261
213
4142
2111
2184
2853
3261
2821
1947
2017
3452
2112
2509
3229
2762
2901
4393
3647
4061
4420
3207
4550
978
2612
3684
2251
2240
3351
638
2027
3321
1133
1300
2104
4546
2044
957
2690
3089
1636
2566
2976
4346
900
4013
4794
3793
847
390
4161
4290
207
3870
133
4932
2908
1442
4704
3619
1663
1916
1125
4343
3689
1913
1745
4537
3032
4736
3664
1176
4054
4107
264
2457
200
3986
2877
3308
3767
3336
2400
694
2840
4172
2441
2172
1469
64
648
1142
4900
2299
4304
2456
910
2137
3246
3243
2155
3053
983
1790
4801
2056
586
3090
3784
996
245
1674
3151
4576
202
557
4808
2473
4770
4251
3049
2969
2991
1311
3579
3011
2743
1247
3245
166
2055
1669
4358
3723
1064
2916
2896
4212
3541
4435
4820
112
274
521
4723
577
4193
1267
523
70
1081
4668
2102
4050
1741
272
2497
3439
3852
4078
1412
1377
1990
3200
1498
871
3592
2057
4626
1688
4266
3957
3933
1212
1156
3737
4099
2119
2110
757
2210
2277
4767
396
1164
1933
2636
2267
4869
3738
2712
333
4090
2190
1543
1155
1362
2232
4301
708
3886
119
4737
3666
1917
239
3003
11
792
3514
2189
714
544
1710
1070
2744
1699
632
901
1631
592
3532
383
2826
3755
3092
4009
657
1766
4480
4478
298
930
2773
81
2356
736
4805
2577
3781
2973
2662
3939
1084
4645
2445
2237
1665
2628
4539
1214
3810
1096
3513
3626
4667
4505
105
4387
252
1950
2072
1705
1449
1082
4076
4774
767
858
4185
1765
1968
2076
2858
3867
2574
4399
503
4883
4209
4454
1729
561
3386
3590
4806
811
2311
424
1228
4460
3382
1813
2006
404
2321
4802
799
678
4242
1246
3702
1632
3095
1524
4682
3523
4574
489
1006
2504
1419
1053
463
3277
912
2714
3917
3967
3311
3688
1088
796
3007
1415
2499
4535
222
3009
1708
4149
2558
703
1444
4876
2683
4134
2898
337
1975
2590
4371
2948
24
3931
1316
3927
2697
471
4755
3137
1680
3956
2922
4690
1820
1175
1730
4192
4217
805
3164
4875
4042
3467
2527
165
3750
1194
61
2747
3642
1386
2464
4279
2176
1736
1845
888
248
73
2879
2964
3023
4239
567
1684
3314
486
2755
827
317
2551
4483
1365
2720
1872
1393
4168
4617
474
4792
1060
3232
4721
1777
504
176
3480
3660
3853
1356
2349
4485
4816
1959
4871
4204
4532
781
3942
2347
1863
3350
3978
4562
3267
3671
2419
895
3721
1397
1834
1634
1987
3975
401
4116
4671
853
1981
4646
4958
4965
1922
1504
2096
3262
636
2895
1894
1136
3876
3530
190
2565
3465
4081
4508
4609
40
2953
348
341
2680
800
1432
1579
1989
1992
2946
2923
306
2192
4880
845
3430
3835
830
3349
4474
3106
4260
184
616
4951
2041
2695
3672
4092
868
787
3792
4920
4957
4923
4922
4976
2627
4971
3700
4733
620
4979
4973
4370
3238
2415
1934
1113
3399
2443
1138
243
4324
4016
1489
30
3548
1557
3263
4686
3589
922
4584
311
181
1861
144
480
1167
4206
1788
4006
3118
1251
3604
330
2548
1384
3506
4426
993
3419
2508
3252
410
2379
3748
1553
1460
4375
2928
4710
2978
2542
1932
4521
4484
1866
3136
4055
4036
1767
3652
1154
3859
566
1536
3341
833
1651
2876
3703
4331
2099
4811
436
2786
3842
4415
893
2921
4004
761
1257
71
2891
406
2993
1219
4684
4395
242
3297
1980
2564
167
1549
4155
1945
2604
4072
1943
3525
3045
124
3105
1094
28
563
2491
1884
1150
195
791
1326
3217
3212
324
191
227
4113
80
613
2990
716
3739
2931
1531
3256
77
2020
3906
1336
3803
2460
4059
325
3586
2596
4384
1339
2950
2175
710
1298
3907
1456
3637
778
2619
2981
1605
4873
519
1812
1774
2825
4109
691
4836
4937
1738
3794
1855
4934
749
3084
2815
3059
271
3014
3552
1906
4436
872
1225
619
2865
3387
1026
3434
4988
1413
4929
3635
1667
1500
2081
1541
681
3656
4647
460
3031
1924
1580
1388
2829
371
850
4180
4275
512
1662
1808
3303
686
27
4258
3578
4606
2472
2427
668
885
4910
211
4409
2645
559
367
1409
4882
146
1954
1659
19
1526
3343
1057
3898
2078
201
3026
4942
4068
525
4293
4164
237
2758
4926
1599
2729
677
2004
4141
2692
3736
4345
4347
2458
3080
1527
4999
4218
3531
2518
2844
903
4788
4895
3281
2258
3365
1366
3977
3874
2816
1148
4035
3629
4962
4935
2098
1140
206
4992
2434
1341
1403
4933
4904
2866
1007
3216
265
508
2830
1241
411
4698
3658
1650
356
1522
2629
535
288
4858
4974
998
4660
469
964
4414
3239
3573
3877
3536
4114
2784
1758
490
2912
2284
2945
1102
3440
4558
3839
2195
215
4763
1496
1678
3995
4297
1013
1106
4571
899
4575
4632
1939
1169
769
3724
3363
1159
2418
822
3856
2997
2546
518
2320
4001
2268
823
4228
2968
506
305
4461
2514
1144
1856
1119
595
3947
2688
3054
3372
1033
2528
2721
1001
397
3601
1165
1429
718
1038
754
4462
2224
3250
4536
3582
1800
4350
132
1593
1173
336
204
4635
745
1941
3
554
66
4765
126
4670
707
3329
173
743
2955
3594
4680
2289
2218
4077
1184
1457
1661
3757
2543
3408
4618
4874
4849
150
2413
494
814
2238
4188
1274
3821
4814
2436
4118
1611
3091
1576
1610
4008
3070
4621
2309
1158
2526
1428
3346
3328
470
4612
452
3148
3580
454
3189
3598
2387
1061
117
4944
4913
3309
413
717
2904
1706
2164
666
199
99
3280
4221
3834
4196
183
1328
2774
905
1174
4457
143
3423
753
2115
4183
2569
1091
2672
2920
3618
1023
807
4197
3909
2832
2878
2635
2660
2710
4052
4885
2689
3951
3183
1263
3710
331
2788
3741
4943
3191
1103
4994
2623
4497
87
4967
4986
1826
3135
1235
4975
4637
259
2883
915
735
4329
1501
2814
1312
3379
4730
2367
49
884
3079
2835
3960
860
3038
4812
299
4582
1399
3955
3800
362
1656
3944
2701
2146
4048
2989
4440
4178
25
2754
4753
2595
3114
840
1319
3273
4268
4854
229
986
1424
2848
1401
795
1087
4492
3868
2498
600
3612
2273
2594
2362
3322
4563
461
1480
3416
315
612
3826
3006
3373
3778
3869
4768
4023
1572
1160
355
1000
2346
2586
1334
3679
3476
965
2177
3756
2985
3935
1024
2203
3335
3255
384
2741
1273
1161
3002
58
4705
4603
4624
1734
2847
1092
3577
203
2062
3547
3643
2038
2822
1009
3075
706
3420
74
891
4376
389
1322
4797
3709
1029
3900
839
1264
4187
496
2570
2868
2262
3686
2068
3473
1928
2261
4029
4514
1873
2003
4892
3301
2808
1830
3940
689
1089
1116
459
909
2074
1382
682
3061
2431
4860
2511
1589
1673
4280
1433
580
4065
275
2327
2958
3610
3414
1124
3836
1888
3773
4715
1787
3916
4796
4776
3422
2136
1878
179
991
1716
3398
896
4190
3683
4352
378
3804
728
3911
2073
3769
2638
1309
4785
354
1114
4422
1146
4822
41
3312
4334
4364
783
1927
2420
1969
4410
2433
2869
2781
2696
2610
4964
3385
4073
671
1818
3432
3073
3622
3639
3648
3544
4225
2129
4123
4956
1891
3805
607
2294
3139
319
2201
4703
4720
4427
1798
2656
924
3512
1880
2707
2503
1671
565
1348
1645
810
2375
772
4834
1086
1660
4315
2166
3015
3770
2170
907
3190
3449
1137
1654
4891
1515
4758
1105
4504
2399
412
908
1065
4448
790
2227
16
2925
3928
1333
4476
2618
240
2313
1755
2214
2651
3485
4533
2114
1568
1016
3326
4421
1229
3568
3111
1962
2760
2954
4170
3633
859
963
4277
1394
1685
4429
2646
3628
2483
4053
2738
307
3163
1245
2360
2397
4274
3214
2113
3591
4391
4079
4502
2540
2282
2785
2156
3901
988
2862
4287
4024
3990
3840
395
585
2524
3690
2430
1838
702
801
1555
2144
4351
2903
626
534
22
2186
2864
724
786
1903
4857
4219
1035
1740
4803
220
2563
1226
1459
2303
2534
3302
2014
3156
437
1507
432
1862
3087
3662
3943
3497
3572
4265
2530
1807
3041
3564
426
4654
2926
3155
886
929
3563
2385
3282
3178
3740
2670
1202
2702
2790
2972
4151
2856
1578
4386
2777
2567
2157
3063
881
3486
2732
1294
2405
4171
4158
2398
43
2134
3872
2132
1752
2496
2962
2220
312
314
3021
1191
3875
2704
4848
4498
987
3862
2478
1676
1204
2168
1345
1653
3071
2687
2963
1904
617
136
4538
3890
3290
3838
2043
2900
1533
1887
4593
1851
4567
4321
2278
1781
952
3984
804
3240
2196
4899
2463
2911
552
2810
4080
2281
3650
4249
446
2941
2775
2852
321
3085
2918
3409
186
4369
690
1074
1193
4611
1819
2521
2813
1344
1079
3141
450
3780
2244
90
3161
2727
4675
1996
3249
2079
1794
3040
4687
2644
3631
3171
4122
1435
1514
2698
4906
1369
3654
3013
1991
3294
4273
1984
2665
2537
3816
1121
3827
212
3915
541
3369
1236
3019
3744
3194
1240
3468
3787
2080
2605
1757
4450
3833
3259
4511
128
3289
1112
1431
1666
838
2641
2071
1771
1804
933
3998
4100
4531
100
602
2554
1495
913
2753
3367
3223
13
3230
4528
210
4423
5
2407
3522
1315
4649
575
1958
615
3962
3715
1832
492
3796
269
4499
3426
4126
4210
1355
3066
3873
4853
4825
1575
2338
2854
520
2363
4361
1831
3970
246
4689
748
4248
1697
1535
1046
3413
1569
4641
970
514
874
457
2739
91
209
342
1420
2231
3234
3556
1534
2404
4863
3076
2952
803
3195
1003
4353
739
261
4027
4591
1952
4697
2335
1811
3659
4057
3640
1306
1565
2001
7
1066
3832
4396
3043
3606
3896
3356
4644
3893
1085
4064
2034
2355
2265
1714
2283
3697
291
231
1423
1230
1479
3823
3418
1577
3483
3244
1718
2213
1477
4441
451
2818
3393
4091
4443
3520
4639
1639
3492
4133
2428
3402
1664
2169
2142
1701
4213
2988
233
3445
1434
3459
4555
3198
1391
2086
198
3575
750
3636
875
4817
4752
946
2705
3851
1059
2874
4851
2173
3360
2122
244
1110
1282
326
578
2234
4693
2334
2691
4128
3453
2703
423
1682
4181
3123
1921
1043
4438
1299
1036
3505
188
3004
606
3653
1588
3435
3242
3287
3057
322
2711
4398
3391
1075
4087
4129
3482
967
3798
1234
960
3554
4131
2274
852
1233
2193
1647
2490
4653
284
309
3489
697
3274
4735
4014
4719
3065
3098
2501
890
1938
472
3317
4724
974
2065
4501
4789
3641
684
731
3081
3887
484
277
2207
2292
4325
741
1346
3758
939
990
1481
843
3225
2580
1123
2125
4259
4449
3299
2493
4775
4256
2520
877
54
4074
182
4010
1083
2740
1537
4545
4458
1542
2679
3587
3681
3499
950
962
3264
1784
1875
1351
3144
2937
3540
262
4566
1896
815
2966
662
4683
4798
4156
3581
1340
2197
1426
1067
2317
1450
3813
2803
3871
4500
918
4747
3801
357
856
2913
2992
4661
65
3905
622
1726
250
2510
3306
3649
76
3857
2556
3828
1840
3922
2366
4246
4289
3153
542
1848
3500
1573
2833
3722
1594
916
42
131
634
1484
861
1027
1021
1971
2054
2588
4405
46
478
4037
2797
110
2425
2039
723
2599
2304
387
273
3675
1776
1944
3576
2061
572
2842
4140
4104
693
911
4452
553
4841
3345
2221
2798
20
107
771
192
2987
4614
4056
1269
3064
4872
3210
2009
4833
1528
945
3058
851
4608
4125
3761
894
4247
1998
4586
3285
2154
2179
539
1408
618
3914
2171
2855
1885
1467
140
1972
2183
4108
4652
4040
156
1350
3958
1425
2423
276
1216
2723
4031
1022
4365
3959
89
2860
458
1847
1827
1410
3271
1586
377
2776
934
1268
1195
4749
279
3720
2403
4809
579
4786
1638
1519
1703
824
2451
2601
4224
1739
1376
1292
414
2995
499
4216
4759
721
1056
2470
4286
35
373
3115
3119
1427
500
187
2097
692
3197
1836
2763
4308
2517
4799
1616
1210
2242
408
2466
323
1097
1370
4372
4363
3400
2626
3731
3560
418
4543
1472
455
3772
1910
4378
4002
1732
2141
420
596
142
4893
3169
3330
4669
2181
941
653
346
3611
3020
3381
2109
2477
2890
52
1686
1293
3815
2827
1762
3912
3253
2230
3037
3814
2024
1538
624
3166
869
1303
1093
1400
2
2421
1256
625
3593
1359
2585
928
1902
3132
1463
1700
1249
2643
4743
4633
4625
1372
1574
4616
3759
1994
3543
3791
4049
3627
4547
1374
1583
3333
2606
2205
349
2700
4781
56
3797
3968
440
1825
3208
497
3417
777
2032
3184
177
2666
4551
1072
4447
3093
925
2211
2089
2663
1301
4745
2417
4007
26
2255
2870
103
3046
3334
2352
2280
3566
2932
3448
3160
2198
31
4189
260
725
2131
3673
524
59
1587
1858
4560
125
2373
1478
1621
4085
556
2276
1321
1725
2248
1037
2796
3149
4813
280
1963
495
4530
1437
3913
4195
2376
1487
1521
2961
2769
729
3173
2226
4600
3615
4033
1390
1485
1897
1416
1570
3436
1640
34
4490
3288
3056
2746
2247
3899
3293
2365
3764
4638
368
129
2133
3130
4282
1220
1475
2095
3401
4340
2324
1601
2045
4868
1483
4711
1
2947
2748
609
763
375
2837
1325
3788
2539
3925
197
2929
3022
2140
1418
1238
4694
4862
55
819
3185
4960
4471
135
1735
14
1338
4234
3502
3361
4015
4627
3237
2685
433
2389
1658
4379
2939
2507
2671
776
2426
4144
3950
3889
3474
2768
2084
1760
3187
3562
403
4063
2999
1482
253
1454
4903
4859
2728
1242
3235
2974
3100
3623
516
1750
82
727
1004
2735
1145
4342
1100
4153
1951
3305
4581
2462
1791
1152
2582
1052
4179
3921
543
4738
3167
1643
1919
4233
1250
3012
289
1779
2394
2252
1948
236
4541
854
699
180
3971
4207
10
614
1709
122
281
3766
2552
1443
152
4403
3154
973
4202
4610
2884
588
2880
546
1385
4884
2681
1490
1111
1373
3682
2469
1796
4688
762
923
4130
1335
4740
1920
1539
954
4086
3923
758
286
230
1493
4864
4491
159
720
1044
3121
3134
4622
3555
4493
604
2162
1937
3110
782
1835
4519
69
898
2236
300
3431
1694
938
380
3712
2861
3992
320
4506
3257
701
4046
1258
3352
1763
2025
2910
2731
2052
3313
1151
4931
4938
1859
1387
3196
1865
2229
1187
2275
2440
2562
2217
1201
3102
4018
1218
2223
1011
2408
1451
1997
726
3460
2046
4717
4191
1352
1353
1821
363
1722
4264
764
1630
3661
3122
1592
1177
2759
2178
4779
4208
1371
364
2094
4718
439
1071
1120
770
1801
569
163
2028
2905
1360
3883
846
2358
4412
4823
1606
2794
2384
3133
4442
475
4111
2573
4927
1748
2914
3295
3550
2058
2049
3694
1310
232
1051
2846
3425
3504
340
2726
4459
685
3332
3204
4317
4022
1893
2935
254
2485
1058
2446
2323
2617
4283
4941
3228
3101
442
17
2676
3424
4397
1349
4544
4549
3624
3283
2471
3920
4237
1232
3016
882
4110
4507
1141
3706
1707
4070
1375
1080
3462
4681
3644
2535
219
3734
2897
1637
1455
1281
3206
4120
878
2053
2892
4623
4309
2578
635
4844
1276
3509
137
4870
3963
1199
3752
1277
2318
2390
3820
3442
1877
820
1237
381
1231
3885
6
958
628
3646
4400
2789
1733
114
4238
2736
2603
3891
715
2153
1172
4338
416
3561
2357
1266
445
1546
1095
2637
4220
3511
4764
4831
530
3687
1979
1911
3323
1677
4867
2296
4866
3979
3042
221
399
597
752
4257
3411
1909
1646
4299
4578
3620
4095
3296
4411
3685
2123
2684
3278
1754
4253
2212
1751
3932
3519
483
3829
2513
38
4445
873
4232
3837
1243
4835
2064
3595
4465
3782
4897
3878
3034
2658
2838
1870
3182
3170
3241
1715
4240
4307
2615
3632
1581
1473
3678
3985
1045
1367
1698
2812
21
3517
1961
551
3354
679
3693
4367
3559
1918
1361
1849
351
1421
4516
2392
3599
4615
4094
3819
2348
3464
3407
3888
4101
2725
2545
1985
3260
1828
2128
3897
932
293
98
1895
3096
96
713
3024
4349
1795
593
4377
2522
4587
4488
1224
3388
258
2495
4599
2263
4760
3017
737
1815
4968
3728
3854
4303
1190
2481
482
2291
2160
2780
303
1780
4673
3495
2298
1988
2288
95
2264
1288
3353
722
798
2332
953
4165
2541
2410
4041
3771
422
234
4642
756
2070
3983
3553
3988
2250
3775
944
2584
4011
1468
980
3668
251
3112
294
3018
360
775
812
3510
3498
3751
4751
2066
3211
687
2516
2639
4594
2382
4105
425
3221
3131
1749
4182
4305
1874
441
1912
3808
605
115
4714
4271
584
4127
4901
1566
2668
942
1215
4496
108
1929
879
4200
3088
867
3074
2653
997
1185
3406
3319
4691
3765
2380
1883
3028
1380
1430
4348
1217
1600
3535
2194
2757
2339
1020
2971
2791
2787
421
185
2709
1248
1773
379
3457
3571
2625
2766
568
296
2805
3717
1471
4254
3976
1930
2018
4199
1466
247
2106
3316
2553
4832
85
1687
943
760
1797
661
235
1692
2040
2130
659
1960
927
2439
1068
4067
1823
1181
2719
2149
2494
428
4332
2000
1239
1221
2587
3254
509
3732
2121
4137
168
2437
3471
2730
53
2717
3924
2634
2047
4012
3327
3551
385
3176
658
4043
4003
1368
3174
2616
4311
3858
4726
774
4292
216
2325
4464
808
644
1778
4677
2751
4489
2669
4512
477
267
1964
3783
4173
4383
1383
3585
2050
2307
3528
3175
3338
3727
1208
57
4819
1406
4413
4643
2330
1244
466
344
4250
4577
1499
83
698
3199
1935
3908
4602
2715
2468
3527
3168
3320
3310
1329
759
2208
1055
1511
1633
3952
3966
1279
155
4252
3368
2364
3275
4650
2368
4121
4553
1127
1846
2088
1582
2396
1560
2235
189
196
415
3165
4150
3496
3617
4777
2126
3569
1867
3849
1946
1313
174
2206
4368
4255
3718
4139
2108
327
2422
4382
3421
3415
1548
4494
3284
3825
4739
29
4596
2667
818
4856
1843
590
1523
1331
4628
4335
3488
611
4570
3067
995
3809
2353
4619
3972
4444
4394
2531
2180
4463
3010
4902
2956
462
1171
1320
352
2597
2308
2029
4157
651
3918
4674
3484
3831
4159
3251
537
120
1879
4418
1545
3140
302
4203
9
4790
2069
1049
652
2310
3450
79
4381
3584
2127
3218
4837
4356
4712
4588
665
844
4810
4306
400
3903
4592
3433
1940
794
1563
3456
3390
1853
2583
4136
4154
171
1012
153
1069
1364
4060
2613
2571
4706
1925
3324
4655
730
4887
3055
573
2737
4572
3677
2631
4527
493
3515
951
1712
111
4640
4963
225
1977
4659
93
3478
4830
513
48
1318
481
4272
4919
4993
4936
1955
3768
3865
3938
3996
4996
4815
4380
3127
1211
1608
2849
388
3822
409
1330
2607
2386
75
2187
1062
4772
228
2675
862
591
3830
2716
147
67
829
1398
270
1615
3389
2881
3565
1090
358
1262
3493
1648
1652
4713
3192
1747
3331
3625
4028
4847
1844
2138
1503
1970
961
169
2026
2266
631
1099
3616
3747
1488
449
2819
1039
1271
1552
1122
3072
793
4030
1995
547
555
4226
835
2442
2103
3029
2630
4323
4916
1492
2934
1008
510
2435
646
3945
4917
1474
3855
971
3470
3364
1792
4961
3078
4946
1207
601
3930
4728
3233
3051
744
4341
672
12
2484
84
2778
3412
3725
1135
3879
4742
3469
1905
2533
4313
4098
4905
308
3609
1448
2402
3811
1509
1868
806
2659
3779
1324
2831
97
3861
1681
4978
1670
4658
4005
4940
3124
2487
3845
3776
1614
2101
3427
2936
3670
1465
3824
3537
732
4534
60
3742
4886
4734
3711
1254
788
4392
540
4997
2002
208
4047
4176
2159
3286
2959
4470
2100
3048
4990
8
1657
3645
3446
139
4058
4373
2139
4215
4401
4552
4455
1032
4417
365
386
334
3989
2005
1047
2474
405
755
161
238
3605
906
4843
4855
282
2085
1041
3181
1857
1810
2340
37
2091
3027
1953
2859
4045
2943
1358
649
4889
434
2886
4135
78
4548
4517
372
3600
985
4518
610
2506
1010
218
4276
1436
1704
3397
3847
3384
2042
4732
959
2271
1742
417
3538
2350
2300
4124
3357
1584
3866
2030
1357
2083
1914
1869
676
3806
1966
2377
1841
979
4430
529
1983
4921
4912
1881
4842
3339
1308
4981
4987
4991
1942
4945
640
1532
2887
766
158
517
3113
4302
2500
3936
1025
1852
2632
2401
3754
711
1117
4804
402
4152
1619
1814
86
4472
3698
2575
4026
3583
4666
1544
2555
4569
2063
2354
2802
966
2429
4824
4284
2944
1196
2245
3973
3526
780
3104
1782
4222
4861
4787
1890
2411
3841
4750
3692
3982
2857
398
719
4310
3222
3607
4039
4898
2749
4793
4177
570
3910
576
3863
4145
4630
1802
2602
1347
989
3052
2105
4469
3083
2302
1973
4773
2022
1129
2328
2894
919
3193
1407
2957
1203
4162
3487
2799
4481
2652
4223
4269
3691
3269
1453
3743
1411
4782
4679
4205
4025
4291
1252
4709
2351
3179
1134
1550
813
4083
2305
1189
4513
2984
1332
4328
2782
2560
226
1327
36
1101
4227
3948
2678
3001
2807
4439
343
2253
2538
917
1261
3444
2657
4096
1850
2371
154
1965
3159
4556
2828
4115
4746
2246
1285
1259
3219
2764
2147
1168
2345
2152
2536
2745
2592
3461
1622
816
3404
3315
3180
4243
1182
1445
2337
2150
4766
3894
3848
4613
427
3716
1005
1625
1518
842
2977
2532
4598
2461
1270
4320
4525
4754
1562
4676
1289
2885
3378
1900
2383
949
3304
2167
3099
4909
2314
1785
1783
926
1907
4407
4664
4194
498
1649
1505
3733
1510
1378
1126
3475
738
394
2260
1675
1128
2449
3429
2036
3777
897
2372
2453
4829
3726
1296
39
3570
825
4088
2388
3630
3116
4692
3138
2549
2019
3524
2875
4132
4662
1764
3749
501
3941
4446
892
2824
2559
3812
3443
1381
3272
3033
1422
937
3097
2406
3348
4564
2982
2642
502
1721
2888
3126
1178
3934
4230
809
550
1642
1286
4062
821
2674
1476
3490
347
3376
1280
507
4953
2649
4939
4977
4984
141
4970
712
2938
0
773
817
1530
4486
1591
1974
4186
2007
2452
4972
2315
4597
4357
4093
3069
733
1291
2467
3993
361
4896
1042
130
149
1772
3844
3458
4930
2060
1761
4327
2609
2593
1876
1644
3403
630
849
3745
3342
1590
558
2033
2624
1696
4756
2806
335
3655
3949
3086
1571
2771
157
1272
301
3383
655
4419
931
4475
4360
2185
1617
1886
4339
285
3359
1323
2793
2297
1396
765
3202
217
2182
1170
313
2733
4066
4827
2243
62
2048
1655
2023
3699
1689
3266
438
562
1508
3082
2161
4198
582
447
3477
2899
3117
3213
2151
1283
18
2051
1564
4298
3634
548
287
3451
3370
2158
505
4019
3479
4285
1314
1343
1629
3503
435
350
1803
172
3549
3608
3546
3279
645
594
4294
948
3707
1015
3162
4678
4278
3337
3454
4390
2075
1389
2851
113
2107
4795
2915
1746
3795
2523
1899
3362
2770
608
2476
4583
2591
4846
695
2135
485
4084
3926
4783
2909
1824
3729
660
2967
2257
283
2752
2756
832
3366
2279
4406
4515
2188
2942
3786
4270
4473
2654
3529
3481
3701
2432
2191
3142
4112
4561
4791
1109
4416
2544
2589
4359
4665
4778
145
1054
1892
3347
3157
4267
2568
359
870
1529
2165
4017
3371
935
1014
4540
1641
902
2647
4117
589
841
834
1540
2329
4727
4333
2951
3785
2792
1612
249
3602
4032
4651
1414
3405
674
3669
1559
443
4685
4466
3545
1440
1307
2873
3981
4605
3902
4636
4955
329
4982
2547
3129
2834
1864
1143
151
683
889
4894
4604
2290
696
4852
4366
4069
2650
134
785
3884
4262
2287
1439
2336
3147
2529
407
256
2416
1978
828
366
2906
1737
4319
3904
2924
2333
511
2395
2092
2996
170
2960
2811
4701
2369
2722
3539
3358
121
3937
3068
3340
4631
3695
1711
538
2809
3077
2145
2059
4174
2312
104
1028
2940
2090
2620
528
2200
4634
1077
1506
4557
1265
1392
2682
688
1447
1017
3447
2949
1936
1354
138
4044
4700
2742
2850
2486
2767
2204
4453
4800
621
4143
581
290
533
3226
4051
4312
1516
3507
2804
1030
4821
3394
2633
3428
456
1166
1871
2256
2343
2013
1073
1118
956
4330
257
487
1717
2927
2370
4138
3760
1162
33
1775
2319
4388
1157
3396
1882
1458
255
160
2021
3438
4089
4908
4952
1491
3209
3291
194
4995
4918
4983
1404
4950
1342
1297
3704
4998
4914
536
2480
2270
2215
1302
3567
880
940
2012
1561
700
50
4989
4924
4915
3047
4949
2225
3005
4966
2459
94
3125
4241
4969
947
1915
4744
1131
3534
2295
2412
1452
955
4503
2664
1719
3714
4696
3980
4741
647
3790
2839
1132
4148
768
2734
1115
4748
4838
2016
2699
1494
4954
4947
3062 3063
3130 3131
1865 1866
3721 3722
3231 3232
1591 1592
3950 3951
2499 2500
442 443
998 999
272 273
215 216
1349 1350
4112 4113
1067 1069
3544 3545
2715 2716
723 724
4268 4269
3989 3990
1653 1654
4453 4454
2329 2332
4031 4032
3763 3764
3269 3270
3276 3277
1854 1855
11 12
4388 4389
4530 4531
3984 3985
4472 4473
4814 4815
1904 1905
655 656
4654 4655
4317 4318
1983 1984
1090 1091
2303 2304
1898 1899
2404 2405
4384 4385
2143 2144
4573 4574
4629 4630
2091 2092
2424 2425
307 308
3502 3503
290 291
3364 3365
1075 1076
2838 2839
2855 2856
2855 2856
1456 1457
3005 3006
3004 3005
4485 4486
407 408
3192 3193
2550 2551
4457 4458
659 661
83 84
2016 2017
3384 3385
3648 3649
262 263
752 754
1504 1505
1569 1570
699 701
698 699
3230 3231
3549 3550
677 678
1476 1477
3741 3742
2317 2318
3723 3724
920 921
2410 2411
1511 1513
2659 2661
1808 1809
2335 2336
1027 1028
4838 4839
52 53
51 52
4163 4164
4089 4091
2352 2353
535 536
185 186
1107 1108
2817 2820
4757 4758
3667 3668
1163 1164
2969 2970
1159 1160
4341 4342
3976 3977
3889 3890
3074 3075
3708 3709
925 926
3504 3505
2234 2235
4853 4854
928 929
3806 3807
507 508
3794 3797
3869 3870
2894 2895
2512 2513
1260 1261
611 612
3924 3925
2875 2876
3099 3100
3805 3806
3910 3911
4666 4667
4145 4146
4819 4820
2072 2073
3466 3467
4613 4614
2074 2075
1191 1192
2141 2142
1557 1558
4340 4341
1647 1648
4019 4020
2694 2695
3667 3669
3538 3539
4739 4740
2948 2949
4090 4091
3803 3804
779 781
355 356
2460 2461
2459 2460
916 917
1500 1501
2763 2764
2762 2763
3305 3306
929 930
2628 2629
4672 4673
4619 4620
1135 1136
3136 3137
3041 3042
709 710
1853 1854
1852 1853
3000 3003
1052 1053
3754 3755
2197 2198
3695 3696
3695 3696
3695 3696
2860 2861
2859 2860
1336 1337
3895 3896
1925 1926
1923 1925
3503 3504
3180 3181
2562 2563
4368 4369
1395 1396
2687 2688
2657 2658
472 473
3258 3259
3353 3354
4607 4608
2183 2184
1932 1933
2210 2212
4521 4522
2014 2016
2014 2015
650 651
2034 2035
2426 2427
2024 2025
3511 3512
3410 3411
3050 3051
2824 2825
2082 2083
1791 1792
1199 1200
3895 3896
1026 1027
4477 4478
4251 4252
2294 2295
748 749
3784 3785
3476 3477
3475 3476
4126 4127
4125 4127
3197 3198
1500 1501
1331 1332
3653 3654
935 937
3647 3648
1956 1957
3457 3458
3457 3458
1842 1843
1878 1879
306 307
306 307
3429 3430
3687 3688
3278 3279
1278 1279
1277 1278
877 878
4534 4535
4586 4587
3251 3252
3250 3251
1791 1792
1385 1387
3888 3890
2202 2203
1925 1927
1924 1925
3849 3850
984 985
1003 1004
2561 2562
2441 2442
2693 2695
2298 2300
4251 4253
4027 4028
1399 1400
4031 4032
1122 1123
1122 1123
2955 2956
2954 2955
123 124
3158 3159
915 917
1393 1394
440 441
319 321
651 652
2926 2927
2925 2926
2747 2748
4327 4328
1162 1163
1161 1162
2618 2619
2723 2724
4408 4409
1554 1555
326 328
4358 4359
4358 4359
383 384
3073 3074
2715 2716
3254 3255
899 900
4464 4465
3152 3153
527 529
1954 1955
1097 1098
3408 3409
3406 3408
1403 1404
2633 2634
2626 2627
3558 3559
3741 3742
3858 3859
1916 1917
3282 3283
3705 3706
4217 4218
1757 1758
3659 3660
1895 1896
1894 1895
1389 1390
867 868
4537 4539
3910 3911
3992 3993
903 904
532 533
2668 2669
3808 3809
3808 3809
3894 3895
2859 2860
109 110
1768 1769
1850 1851
1849 1850
1646 1648
1646 1647
1123 1124
1122 1123
1644 1646
2387 2388
4133 4134
283 286
3379 3381
4 5
285 289
3688 3689
3058 3060
4087 4088
3178 3179
2450 2451
2717 2719
1232 1233
2896 2897
119 120
2398 2400
2398 2399
2122 2123
2120 2122
4257 4258
3409 3410
3409 3410
862 863
2368 2369
2305 2306
3472 3473
2449 2450
4262 4263
4284 4285
4581 4582
4581 4582
1733 1734
1008 1009
1401 1403
2835 2836
3293 3294
3292 3293
3105 3106
2446 2448
2203 2204
113 114
113 114
2919 2920
1189 1190
1188 1189
1187 1188
4198 4199
205 206
1645 1646
212 213
470 471
416 417
2060 2061
591 592
1279 1280
4322 4323
984 985
984 985
3029 3030
505 506
3919 3920
2511 2512
2510 2511
2656 2658
2656 2657
4271 4272
2574 2575
3648 3649
3180 3181
2547 2548
1680 1681
3265 3267
2797 2798
3089 3091
4167 4169
4167 4168
2695 2696
68 69
3776 3777
1797 1798
3779 3780
3470 3471
672 673
1798 1799
3027 3028
4374 4375
1259 1260
64 65
1845 1846
2694 2696
2693 2694
580 581
2648 2649
2648 2649
3571 3572
128 129
1208 1210
1216 1217
3094 3096
3897 3898
69 70
3593 3594
2239 2240
2238 2239
827 829
3859 3860
237 238
2423 2424
662 663
2987 2988
3341 3342
3294 3295
3294 3296
993 994
2801 2802
253 255
253 254
4357 4358
2949 2950
1174 1175
464 465
2813 2814
2812 2813
50 52
1358 1360
2679 2680
2335 2337
2418 2419
892 893
908 909
3968 3969
3967 3968
1411 1412
3110 3113
3520 3521
1157 1158
2766 2767
1662 1663
1659 1662
4175 4177
719 721
3736 3737
3686 3687
3685 3687
4070 4071
2569 2570
2566 2569
2011 2012
2222 2223
2222 2223
1758 1759
3122 3123
3122 3124
3094 3095
3093 3094
4135 4136
3049 3050
231 232
230 232
230 231
1960 1961
1310 1312
4142 4144
3631 3632
299 300
1179 1180
254 255
2943 2944
1652 1653
3657 3658
1722 1723
3566 3567
2136 2137
2136 2138
912 914
2528 2529
1173 1174
1777 1778
2282 2283
1867 1868
1866 1867
2515 2516
1026 1027
2966 2967
2618 2619
593 594
592 593
3243 3244
3489 3490
3489 3490
3488 3489
4232 4233
4232 4233
2484 2486
1378 1379
1378 1379
862 864
862 863
781 783
2362 2363
3239 3240
3238 3239
2863 2864
2862 2863
2625 2626
4341 4343
940 942
940 941
1500 1501
4004 4005
1459 1460
1459 1460
503 504
1261 1262
1652 1654
1651 1652
3070 3072
1587 1588
1836 1838
3411 3412
381 382
381 382
65 67
2319 2321
1917 1919
1816 1817
1814 1817
551 552
3784 3787
3783 3784
4074 4075
1935 1936
1935 1938
2217 2220
1801 1802
1457 1458
1229 1230
1228 1229
1228 1230
4136 4137
4134 4136
4133 4134
418 419
539 540
1177 1178
3600 3601
3598 3601
3596 3598
2468 2469
2235 2236
2348 2349
2347 2348
2993 2995
2710 2712
471 472
471 472
1784 1786
889 890
165 166
1872 1874
1729 1730
1728 1729
1727 1728
3934 3935
761 762
2825 2827
2267 2269
1713 1714
1293 1295
1709 1710
1709 1710
1709 1711
2689 2690
2688 2689
3957 3958
2494 2495
2493 2494
974 975
1262 1263
2349 2350
3904 3906
3676 3677
3675 3677
2822 2823
2822 2823
2051 2052
2423 2424
1651 1652
2894 2895
2894 2896
3372 3373
2110 2113
69 70
917 918
2157 2158
1069 1070
2265 2266
861 862
3560 3562
3224 3226
3858 3859
2048 2050
2946 2947
2944 2947
2179 2180
2178 2179
2301 2302
2300 2301
666 667
785 786
2107 2108
520 521
518 520
516 518
11 12
10 11
4144 4145
4144 4145
4144 4145
2147 2148
1927 1928
3509 3511
1070 1072
726 727
3226 3227
2002 2003
280 281
3153 3154
3152 3153
1258 1259
3574 3575
1334 1335
1333 1334
63 64
543 544
3788 3789
3576 3578
3576 3577
2825 2826
1235 1236
548 549
1236 1238
3227 3228
3022 3023
3022 3024
1569 1570
1568 1569
1300 1301
2278 2279
3124 3125
3123 3124
3123 3124
3960 3961
3728 3729
959 960
959 960
258 259
3975 3976
888 889
2275 2278
946 947
945 946
1798 1799
2562 2564
328 330
2445 2446
2817 2818
2134 2135
2134 2137
2134 2135
3864 3865
3863 3864
2433 2434
3181 3184
4155 4156
3298 3299
249 251
3595 3596
728 729
4147 4148
2317 2318
1157 1159
2915 2916
1619 1620
4115 4116
1715 1716
1713 1715
523 525
3402 3403
2561 2562
2692 2693
2331 2333
2331 2333
856 859
2457 2460
2457 2458
3884 3885
3883 3884
3883 3884
1105 1106
1105 1106
979 980
1504 1505
1775 1777
1491 1492
3203 3204
3203 3205
1615 1618
1309 1310
52 54
1797 1798
1796 1797
2283 2284
336 337
3347 3348
613 614
1934 1935
3595 3597
3595 3596
2314 2315
2423 2424
2632 2633
2632 2635
3620 3621
3936 3937
3935 3936
3934 3936
2017 2020
1643 1644
1641 1643
579 580
3141 3142
2175 2177
2792 2793
3250 3251
130 131
900 901
2824 2825
264 265
2804 2805
444 446
365 366
831 832
941 942
444 448
444 446
987 990
3899 3900
3897 3899
3896 3899
3312 3313
3570 3571
4008 4009
4008 4009
1005 1006
3825 3826
1848 1851
1473 1474
3341 3342
2786 2787
482 483
1072 1074
1415 1416
675 676
1833 1835
3236 3237
3065 3066
3065 3067
3065 3066
476 477
126 127
1073 1074
1072 1073
1615 1616
3763 3765
2041 2042
3490 3492
3490 3491
2791 2792
3283 3284
3282 3284
683 684
1949 1950
1948 1950
2001 2002
2000 2001
2000 2001
1171 1172
2041 2043
3471 3472
2769 2770
2769 2770
2767 2769
2295 2296
704 705
1941 1942
1939 1941
1939 1940
3979 3982
3978 3979
1257 1258
114 115
1769 1770
895 897
2405 2406
2164 2168
2163 2164
213 215
2040 2041
2040 2041
2039 2040
925 926
1244 1245
1244 1245
1243 1244
1166 1167
3939 3940
559 560
558 559
1450 1451
195 196
3535 3536
3111 3112
1200 1201
39 40
929 930
3825 3826
3508 3509
1909 1912
1104 1106
3443 3447
3752 3753
3752 3753
786 787
2585 2586
129 131
3758 3760
994 996
1516 1517
724 725
1021 1022
1020 1022
1020 1022
712 713
2100 2101
2099 2100
319 320
318 319
318 319
317 318
3757 3758
1027 1028
1027 1028
1507 1508
1051 1052
878 880
2435 2437
2434 2435
2375 2376
1449 1452
3443 3445
2743 2745
2740 2743
987 988
1040 1041
390 391
3197 3201
2155 2156
1709 1710
1708 1709
126 127
2469 2470
3755 3756
1725 1726
1587 1589
2647 2649
2647 2648
1736 1737
1348 1349
2027 2029
2026 2027
2026 2028
1980 1981
1979 1980
995 996
995 996
992 995
2168 2170
837 838
270 272
434 435
672 673
2128 2129
2128 2130
2127 2128
2126 2127
2474 2475
2474 2476
369 370
368 369
368 369
2981 2982
2980 2982
2899 2901
384 385
3002 3003
2790 2791
3442 3444
3441 3444
912 913
3451 3452
2677 2678
2600 2601
2309 2311
1089 1090
990 993
989 990
489 490
488 489
3481 3482
1692 1693
3483 3484
3483 3484
1542 1544
3622 3623
3033 3035
175 176
2198 2199
3510 3512
1231 1232
1550 1551
1550 1551
1071 1072
1070 1071
1068 1071
1491 1492
1490 1491
1929 1930
1929 1930
1934 1936
2331 2332
2330 2331
1374 1375
846 847
1727 1728
274 275
1284 1285
1283 1284
2285 2287
2307 2308
1349 1350
3074 3075
3074 3075
3073 3075
3017 3019
865 866
358 360
593 594
3593 3594
2542 2543
1290 1292
1172 1173
824 825
3102 3103
2052 2053
3296 3297
967 969
325 326
324 325
814 815
1638 1641
1637 1639
452 453
3014 3015
266 267
725 726
1292 1294
318 319
2615 2616
1672 1673
1671 1672
546 547
439 440
437 439
436 439
3001 3002
3000 3001
2999 3000
3209 3210
1926 1927
917 918
533 534
533 534
2342 2343
1956 1959
2892 2893
737 739
2395 2396
1839 1842
2535 2536
3497 3498
2412 2413
1669 1670
2749 2751
3199 3202
3198 3199
3192 3198
3172 3173
1093 1094
1092 1093
1092 1093
165 166
165 166
2652 2653
3117 3118
3117 3118
464 465
2289 2290
114 116
114 117
1956 1957
1241 1242
2961 2962
2186 2187
3507 3508
3506 3507
3506 3507
998 999
997 998
329 330
1977 1978
1072 1073
1071 1073
1070 1071
87 88
277 278
1060 1061
2484 2486
339 340
1478 1479
2734 2735
2734 2735
2732 2734
1671 1672
1671 1672
1670 1671
528 529
2545 2546
1823 1824
3585 3586
3584 3585
3584 3585
1494 1496
1493 1494
2348 2349
2348 2349
2132 2133
3403 3404
468 470
468 471
2696 2697
2696 2700
3273 3274
3272 3273
899 901
1415 1416
1413 1415
1752 1754
3197 3198
2482 2483
2482 2483
2480 2482
2479 2480
3606 3607
641 642
149 150
148 150
148 149
2196 2197
2194 2196
2191 2194
2331 2332
1050 1051
800 801
800 801
800 802
1354 1356
1858 1859
2136 2137
1452 1453
1040 1041
1056 1057
1883 1884
1882 1883
2420 2421
2685 2686
568 569
2359 2362
3004 3005
3004 3005
3000 3005
2405 2406
2954 2955
2953 2954
3054 3055
3349 3350
1476 1477
1476 1477
1475 1477
409 411
1668 1669
1667 1668
1666 1667
1924 1925
1427 1429
2526 2527
364 365
363 364
620 622
620 621
1527 1528
2936 2937
1167 1168
136 137
136 137
3430 3431
931 932
2940 2941
2939 2941
1254 1256
1254 1255
3388 3389
2851 2852
2816 2819
2815 2816
2814 2816
3288 3289
1000 1002
895 897
3018 3019
3018 3019
496 498
3493 3494
3492 3494
2469 2470
2803 2804
2802 2803
1421 1422
1421 1422
1420 1421
1020 1021
1018 1022
1017 1020
1717 1718
3233 3234
3233 3234
3232 3233
95 96
3165 3166
1468 1469
1830 1832
2495 2496
1303 1304
3317 3319
693 694
752 753
752 753
2056 2058
153 154
327 329
1274 1276
948 950
1721 1723
790 791
1553 1554
1883 1884
479 480
478 480
3424 3425
213 214
212 213
212 215
768 769
768 771
2487 2488
2486 2487
2486 2487
2843 2846
2846 2847
789 790
2864 2866
1008 1011
3316 3319
1556 1557
1556 1558
1555 1556
2243 2245
1458 1459
2491 2492
2989 2991
2989 2990
982 983
981 982
981 984
979 981
220 221
3335 3336
2428 2429
2428 2429
2427 2428
2929 2931
1807 1811
2301 2303
2300 2302
108 109
1192 1193
1192 1194
2562 2564
2864 2865
2863 2864
2759 2762
3385 3387
2105 2106
2105 2106
510 511
3061 3062
3061 3062
1357 1358
1732 1734
1202 1203
775 777
1825 1826
1825 1826
1825 1827
1928 1929
472 474
2954 2956
496 497
1106 1107
1105 1107
1104 1105
1103 1104
1101 1103
2133 2134
638 639
638 639
975 978
1329 1332
1328 1329
1610 1611
3358 3362
2089 2090
2538 2540
2536 2539
514 515
1990 1991
1989 1990
1988 1990
1988 1990
2539 2540
1633 1634
1633 1634
1021 1022
2150 2151
1472 1473
2503 2504
2503 2504
1978 1979
1978 1980
2517 2518
2533 2534
2532 2533
906 907
2021 2023
1804 1805
1804 1806
2552 2553
290 291
1851 1853
1850 1851
2684 2685
2684 2687
2765 2766
2764 2765
2704 2705
2702 2704
82 83
2661 2662
54 55
54 55
52 54
49 52
49 51
2189 2190
2188 2189
1701 1702
1864 1865
1864 1865
962 965
1050 1051
2442 2443
2962 2963
1444 1447
1935 1937
1602 1604
1600 1602
1599 1601
542 544
400 402
1042 1043
2853 2854
2853 2855
2852 2853
21 23
922 923
1375 1378
2223 2224
3090 3091
3088 3090
3088 3089
17 20
1958 1959
574 575
135 136
2677 2678
609 610
609 610
910 911
515 518
3209 3211
3208 3210
3208 3209
346 348
1147 1148
371 373
1758 1760
2495 2496
279 280
454 455
452 454
2208 2209
1150 1151
1150 1152
217 219
3101 3102
3100 3101
1034 1035
1611 1612
1610 1611
2836 2837
870 871
870 871
869 870
2108 2109
755 756
2273 2274
2933 2935
901 902
900 901
3102 3105
1461 1462
1460 1463
205 206
446 450
426 427
426 427
1658 1659
1673 1674
1673 1675
1673 1675
2030 2031
2024 2025
1061 1062
573 574
2590 2591
2409 2413
1887 1888
1442 1443
1440 1442
1440 1442
3077 3078
3076 3078
2998 3001
2997 2999
1117 1118
1117 1118
971 972
1383 1384
1383 1384
1012 1014
351 352
2796 2797
2796 2797
1320 1321
3076 3077
3076 3077
1520 1523
1520 1521
1519 1520
1014 1015
1460 1463
1091 1092
1089 1091
1088 1090
3112 3115
3112 3114
26 27
1176 1177
1175 1176
1174 1175
861 862
860 861
1731 1732
1584 1585
3061 3062
3060 3061
1103 1105
1101 1103
2198 2199
2489 2492
2489 2490
2489 2491
108 109
2009 2010
2947 2948
2947 2948
2947 2948
413 414
412 413
1715 1717
1715 1716
1715 1716
2250 2251
1767 1768
1767 1768
2257 2258
1167 1169
2893 2894
60 61
59 60
59 60
1717 1718
1716 1718
1366 1367
1365 1369
1365 1366
893 894
2983 2984
2716 2717
2420 2421
884 886
2672 2673
39 40
803 804
802 803
697 698
697 698
696 697
694 698
2303 2304
2303 2304
777 778
1033 1034
2859 2862
2858 2859
1214 1215
1572 1573
1572 1573
1054 1055
1871 1872
1870 1872
1982 1983
1461 1462
1461 1462
1460 1461
1249 1250
1066 1067
681 682
679 682
528 529
527 529
979 980
950 951
2237 2239
2068 2069
332 334
507 508
507 511
506 507
2198 2202
360 361
358 360
554 556
552 554
552 553
1565 1566
2451 2454
2451 2453
44 45
43 46
43 46
42 43
1135 1138
163 165
161 163
1915 1916
1914 1916
1912 1914
2896 2899
2896 2899
2175 2176
2174 2176
100 101
99 100
99 101
98 99
18 20
2803 2804
2801 2804
613 614
2196 2198
1627 1628
1626 1627
1626 1627
1252 1253
219 220
2547 2548
2347 2348
1514 1515
337 340
581 582
880 881
880 882
704 705
2605 2606
2604 2605
1862 1866
1861 1862
1860 1861
2915 2916
2914 2915
1029 1030
845 846
1123 1124
1123 1124
1123 1125
553 555
2261 2262
285 286
1594 1595
1594 1595
600 601
658 659
658 659
1428 1430
2301 2304
1979 1980
2373 2374
2370 2373
2370 2372
1036 1037
1617 1618
1616 1617
1615 1617
1614 1615
1613 1616
2396 2397
26 27
981 982
979 981
1875 1876
2691 2692
2689 2691
2278 2279
1893 1895
1901 1902
1900 1901
1166 1167
2577 2579
2577 2579
517 518
2440 2441
2439 2440
2439 2440
2437 2439
2398 2401
2396 2398
2395 2396
2413 2415
1022 1023
463 465
461 463
829 830
828 831
2510 2513
67 68
499 501
2145 2146
2144 2145
2099 2100
2096 2099
209 210
209 210
1156 1157
1156 1157
1155 1158
902 903
902 903
899 903
1607 1609
1732 1733
1118 1119
486 487
485 486
2303 2305
395 397
395 396
330 332
1377 1378
1376 1379
2247 2250
492 493
1841 1843
1840 1841
1572 1573
278 280
1076 1077
1076 1077
2631 2632
2726 2727
2724 2726
348 349
348 349
346 349
1001 1002
1000 1002
1072 1073
1995 1996
1995 1996
21 22
21 22
20 21
18 20
18 20
741 742
741 742
797 798
796 797
2006 2007
2006 2007
2006 2007
634 635
1822 1823
1819 1823
370 371
2554 2555
2554 2555
108 109
107 110
1694 1695
1692 1694
2410 2411
1285 1286
1284 1285
13 15
13 14
919 920
918 919
917 919
916 918
914 916
2647 2648
2160 2163
2480 2481
1775 1776
1774 1775
478 480
405 407
1379 1380
1377 1379
1377 1380
1666 1668
693 694
2317 2318
2317 2318
637 639
1645 1646
1645 1646
1752 1753
1749 1752
258 260
934 935
933 934
932 934
2405 2406
525 526
525 526
67 68
66 67
380 381
376 380
504 505
1258 1259
1009 1010
753 755
1505 1507
1221 1222
791 793
789 791
788 789
2088 2089
2088 2089
2040 2041
1860 1861
1860 1861
1860 1862
1858 1860
725 727
1503 1505
1503 1506
1503 1506
1948 1949
1132 1133
1473 1475
1473 1475
186 187
185 187
2242 2243
2240 2242
1735 1736
1735 1736
1734 1735
1734 1737
608 610
1542 1543
1541 1542
1541 1542
2056 2057
2056 2058
736 737
734 736
732 735
732 733
1937 1938
1937 1938
1937 1938
1935 1937
1934 1936
580 581
6 7
5 7
371 372
371 372
2018 2019
2016 2019
968 969
966 968
454 455
195 196
194 195
1323 1324
1322 1323
1322 1323
1541 1542
2146 2148
2256 2260
2256 2257
2254 2257
2254 2256
2252 2254
60 61
1258 1259
203 204
2441 2442
2439 2441
2438 2439
2437 2440
1715 1716
1715 1716
1610 1611
2453 2454
567 568
566 567
561 566
561 562
560 562
560 561
100 101
100 101
973 976
266 267
1860 1861
1860 1861
2180 2181
2179 2180
321 323
2481 2482
2479 2481
2479 2480
1802 1803
1801 1802
650 651
649 650
2512 2513
2511 2512
2509 2512
2509 2511
2508 2509
2092 2094
2092 2094
1821 1823
1820 1822
1819 1820
1818 1820
1817 1819
610 611
186 187
1810 1811
1809 1810
1808 1809
1808 1809
1290 1291
827 828
827 829
2454 2458
2452 2454
2452 2453
2452 2455
1181 1182
1181 1182
323 324
1750 1751
1750 1751
1749 1751
1203 1204
472 473
472 473
1218 1219
412 413
1819 1820
1818 1820
1980 1982
1979 1980
1978 1981
1977 1978
848 850
847 848
2324 2325
515 516
512 515
1346 1347
1174 1175
1629 1630
1628 1629
1628 1630
2300 2301
2300 2301
1623 1627
1928 1932
1652 1653
1651 1653
350 352
1509 1510
1508 1511
2088 2089
2088 2090
2088 2089
2303 2304
2302 2304
2296 2302
871 872
206 209
206 208
596 599
2113 2116
550 552
1472 1473
1471 1473
1470 1471
1468 1470
1467 1469
1305 1308
1305 1306
1350 1353
899 902
117 118
116 117
116 117
115 117
2052 2054
2051 2052
497 498
496 497
1143 1144
1143 1145
1896 1898
740 742
874 875
873 874
872 873
202 205
2234 2235
2232 2236
697 698
696 697
695 696
694 695
1883 1884
491 493
464 466
1198 1199
1198 1199
428 429
1615 1616
1614 1615
2181 2182
2180 2183
2179 2180
2179 2180
1005 1007
1003 1005
2235 2236
2234 2235
2234 2237
2234 2237
2231 2234
2230 2231
1767 1768
1767 1768
1767 1770
1767 1768
1796 1797
2234 2235
2233 2234
2232 2234
2230 2234
293 294
292 293
290 293
288 290
1380 1381
1379 1380
1945 1946
1786 1787
1814 1815
1813 1815
1638 1639
1637 1639
1636 1637
1054 1055
1054 1055
1054 1055
1053 1056
1052 1053
1049 1052
1047 1049
1213 1214
1212 1213
1222 1225
1980 1981
1979 1982
1976 1979
1844 1845
1843 1844
1842 1843
1751 1753
1433 1435
1580 1581
1579 1580
1578 1580
1578 1579
2274 2276
2274 2275
2273 2274
627 631
625 627
1746 1748
1746 1747
1744 1746
1742 1744
1742 1743
1742 1743
562 563
558 563
558 560
190 191
1324 1325
635 636
635 637
634 637
550 551
549 550
1240 1241
553 554
551 553
675 677
675 676
675 677
237 239
237 238
236 240
898 902
1875 1877
1873 1876
597 598
597 598
2094 2095
2094 2097
2093 2095
57 59
1201 1202
1200 1201
775 776
773 775
866 867
865 867
1761 1762
1759 1761
1757 1759
1625 1626
1624 1629
1101 1102
791 793
790 791
790 791
538 539
537 540
535 538
1819 1820
1819 1820
2000 2001
937 938
936 937
81 82
1112 1114
1112 1114
1111 1113
1109 1111
1108 1109
1907 1908
1907 1908
1906 1907
965 966
1556 1557
1555 1558
1554 1558
658 659
657 658
655 657
449 450
449 450
448 449
1711 1713
1950 1952
1780 1781
1777 1780
784 785
782 785
780 782
779 780
777 779
776 778
338 339
336 338
336 337
335 336
199 200
2076 2078
2075 2076
2074 2075
2074 2075
2073 2076
1241 1242
1240 1241
83 84
818 820
816 818
816 820
923 924
1330 1331
1485 1486
1370 1371
1369 1370
1368 1369
1749 1750
1748 1749
1748 1750
1748 1749
1746 1748
966 967
966 969
966 971
966 967
844 846
1700 1702
511 514
1483 1485
645 647
284 285
282 285
305 309
304 306
304 305
415 416
413 415
413 414
413 414
412 413
1812 1813
1812 1815
725 726
724 727
722 724
1397 1398
1396 1397
1396 1398
1394 1397
194 195
1013 1015
1012 1013
1011 1013
842 843
841 842
839 841
837 839
187 188
185 188
1626 1627
1626 1628
1192 1193
1192 1193
1192 1194
1191 1192
207 208
1872 1874
1868 1872
1005 1007
1004 1006
1335 1336
1334 1335
1887 1889
1885 1888
1883 1886
1883 1886
445 446
444 446
443 445
442 443
865 867
960 961
960 961
17 18
623 624
219 223
980 983
980 982
979 984
979 980
831 833
172 173
170 173
1732 1734
1730 1734
311 313
310 311
310 311
321 322
320 322
1540 1541
1540 1542
1200 1203
1200 1203
619 620
619 622
526 529
820 822
104 108
929 930
929 930
928 930
1305 1306
1304 1306
1500 1503
1498 1500
1497 1499
476 477
474 476
474 476
474 475
474 476
472 474
1736 1737
803 804
801 803
800 804
800 802
363 364
363 365
362 363
361 364
1441 1442
1440 1441
955 956
953 955
196 197
1765 1766
1764 1765
1657 1659
1657 1659
299 300
296 299
294 296
224 225
223 224
11 13
1108 1111
1237 1238
1237 1238
1236 1237
1236 1237
299 300
1501 1503
1501 1503
1500 1502
1413 1416
909 910
1664 1665
1663 1665
496 497
494 496
789 790
788 791
787 788
786 788
784 786
417 418
417 419
416 418
416 419
496 497
494 496
494 495
494 495
494 497
212 214
211 215
209 212
206 209
1040 1041
1039 1040
1010 1012
1083 1086
1081 1083
1081 1082
1306 1307
1548 1550
1547 1548
1545 1547
1545 1546
1545 1547
1544 1546
98 99
97 98
1653 1654
1653 1656
108 109
107 108
106 107
105 106
105 106
105 106
104 106
102 104
1147 1148
1146 1148
1146 1149
1144 1147
1351 1353
1350 1352
1350 1352
1349 1352
358 359
356 358
355 356
354 355
1124 1125
1123 1124
1123 1124
1122 1124
1122 1124
1121 1123
831 833
1652 1654
1649 1652
1646 1649
594 595
615 616
614 615
614 615
213 214
776 777
776 777
1383 1385
121 123
121 122
118 121
118 121
511 512
508 511
508 510
507 510
255 258
254 255
945 946
944 945
773 774
1245 1248
352 354
350 352
350 351
349 350
1259 1260
1259 1260
1258 1259
1257 1258
1256 1258
1255 1256
1254 1258
1252 1256
1251 1254
1494 1495
1494 1495
293 297
291 293
289 291
288 289
756 757
756 757
1109 1111
1108 1109
336 337
1266 1267
1265 1266
1263 1265
1261 1263
1261 1264
1260 1261
1259 1261
1259 1260
1009 1010
1008 1009
1008 1010
1007 1009
1007 1009
1005 1008
1301 1303
636 637
1323 1324
1322 1323
1320 1322
1320 1322
1495 1496
961 962
961 963
961 964
959 961
958 959
1308 1309
1308 1309
793 794
793 794
792 793
792 794
1002 1004
1002 1005
1188 1190
1188 1189
1187 1190
857 858
1071 1072
1071 1072
270 271
346 348
345 346
344 345
342 344
78 79
446 447
445 448
443 445
443 445
442 445
407 409
1065 1066
1064 1065
1063 1064
1063 1064
1061 1063
1060 1062
1059 1062
1055 1061
1202 1204
1201 1202
1201 1202
217 218
217 219
213 217
213 215
801 802
801 802
801 802
798 804
29 30
561 562
560 562
558 562
1022 1026
1021 1023
1020 1021
1447 1449
1375 1376
1374 1376
1373 1374
1372 1373
1371 1372
1369 1371
1 3
93 97
574 575
1136 1138
1135 1137
1134 1136
1132 1134
1131 1135
1232 1233
97 99
95 99
926 927
926 927
925 926
1356 1357
1355 1356
657 658
656 657
232 233
231 233
58 59
57 58
57 59
449 450
449 450
448 449
448 449
447 448
1345 1346
1344 1345
1343 1347
1342 1345
445 446
444 445
475 477
474 477
601 604
600 603
599 600
670 671
670 671
1394 1395
1262 1263
1262 1263
1261 1265
1162 1164
1162 1165
1159 1162
658 660
658 660
648 649
648 649
648 649
647 649
646 647
1049 1050
342 343
341 342
339 341
339 340
336 339
137 138
137 139
1366 1367
1366 1367
1366 1369
1366 1367
1364 1367
1364 1366
1364 1366
11 12
11 15
10 13
1272 1273
1271 1273
372 373
370 372
369 373
369 371
366 369
366 368
1189 1191
1186 1189
322 323
322 323
329 330
629 630
869 870
867 869
866 870
110 111
108 110
108 109
107 108
106 107
942 943
1236 1237
1232 1237
1231 1232
1231 1234
1230 1232
1227 1228
1225 1227
1224 1226
497 499
497 498
855 857
853 856
849 854
848 849
142 143
141 142
141 142
141 142
139 141
139 140
1103 1105
1103 1105
1102 1104
1102 1104
1101 1105
1099 1102
119 120
115 120
862 864
861 862
859 862
149 150
148 149
147 148
373 375
801 802
800 801
800 801
914 915
390 392
388 391
388 389
387 390
494 496
1204 1205
530 532
529 531
528 532
527 528
527 528
527 531
101 103
101 103
620 621
620 621
618 620
616 618
615 616
928 932
927 928
927 931
927 928
1000 1002
1000 1001
998 1000
997 999
748 749
747 749
746 747
745 747
670 673
532 534
531 532
528 531
528 530
528 531
573 574
573 574
22 23
22 24
21 23
16 21
711 713
543 544
482 484
479 482
477 479
476 477
1040 1042
1039 1040
399 400
398 399
396 400
393 396
390 394
387 390
26 27
26 28
26 30
24 27
24 26
214 216
214 215
817 819
1008 1009
1008 1009
1007 1008
1004 1007
1002 1004
640 642
640 641
639 641
637 639
636 637
157 159
154 157
153 154
660 662
658 660
657 658
763 764
762 763
985 986
985 986
984 985
981 989
901 902
675 676
675 677
583 584
583 586
676 680
675 677
765 766
763 765
761 764
761 762
759 761
758 759
718 719
718 720
715 719
294 295
293 294
291 294
290 292
290 291
894 897
894 895
728 729
727 728
724 728
724 727
764 765
763 765
761 764
760 761
759 760
758 760
758 760
757 760
131 133
131 132
996 997
996 997
994 996
970 973
970 972
970 972
970 972
969 975
592 593
493 494
488 493
488 491
487 489
916 917
916 919
431 432
431 432
430 431
428 431
426 429
164 165
164 166
163 164
162 163
161 162
161 165
161 162
161 162
158 163
138 139
136 138
134 136
498 501
498 499
496 500
494 498
493 497
493 496
492 494
482 483
478 482
477 479
476 478
220 221
220 223
220 222
250 252
250 252
248 250
247 251
670 671
670 671
668 670
667 669
666 668
665 667
664 666
661 664
661 664
658 663
284 288
244 245
243 244
243 245
243 245
243 247
651 653
650 651
524 526
523 526
443 445
442 446
81 82
81 82
79 82
79 81
78 79
256 261
629 630
6 7
3 7
0 3
0 2
340 341
337 340
337 340
786 787
784 786
784 785
783 785
451 452
451 452
449 452
153 154
153 156
153 154
153 156
150 153
149 152
148 152
583 585
581 585
685 688
682 686
679 683
677 683
341 342
339 341
339 342
336 339
336 337
15 17
659 661
658 659
658 659
655 658
653 656
651 653
650 651
649 653
342 343
342 343
342 344
342 344
358 361
599 601
599 601
598 600
595 598
593 596
591 593
589 591
596 597
596 600
184 185
184 185
180 184
406 408
405 406
405 407
403 406
503 506
500 503
500 504
291 293
290 293
290 294
288 290
288 291
285 288
284 285
600 601
600 602
600 602
598 601
597 598
244 248
244 247
241 245
241 243
473 474
473 475
471 474
443 444
443 446
443 444
443 444
234 236
232 234
232 234
232 233
418 419
417 418
416 418
415 417
415 417
413 415
187 189
186 188
464 465
462 464
460 462
460 465
450 451
450 452
448 451
445 448
445 448
444 445
444 447
356 357
356 357
355 357
353 355
348 356
347 351
25 27
25 27
25 27
498 499
315 317
314 316
312 314
312 316
310 313
195 198
114 115
114 115
114 118
113 115
111 113
108 111
106 109
105 109
96 97
96 97
93 96
93 94
93 94
92 93
92 94
90 94
88 90
88 89
171 174
171 176
343 344
343 344
343 345
342 345
341 344
338 341
122 123
121 122
121 124
120 121
120 122
116 121
400 401
400 401
400 405
397 401
396 397
395 396
395 397
391 395
337 338
337 339
336 337
336 338
110 111
109 111
109 112
108 111
21 24
52 54
50 53
287 288
286 288
286 290
286 290
292 293
288 292
288 290
288 292
287 290
19 20
19 21
39 40
39 41
39 40
38 39
37 40
154 155
153 156
152 153
151 155
165 167
161 165
160 162
158 160
158 161
157 163
155 159
343 344
341 345
341 344
214 215
211 214
211 213
247 252
246 247
246 250
244 247
243 245
120 121
119 120
117 120
116 117
114 118
114 119
241 242
239 242
238 239
181 182
180 181
180 184
180 183
178 180
279 283
276 279
275 278
270 276
190 191
188 190
186 188
184 187
184 189
181 184
178 186
177 178
172 177
171 180
11 12
11 12
10 11
9 10
6 11
13 14
13 14
13 15
185 186
183 186
183 184
177 184
177 181
177 179
30 32
112 113
112 114
110 113
108 112
102 109
101 106
98 101
19 20
16 20
16 17
14 16
13 17
13 15
12 13
9 12
6 10
41 43
38 41
37 39
33 37
132 133
132 134
131 133
129 131
128 131
123 128
122 126
121 123
83 84
80 83
80 83
76 81
72 78
72 78
72 75
69 72
67 73
50 51
49 51
46 49
46 47
41 46
41 44
39 45
36 40
34 36
49 50
48 49
47 49
41 47
39 46
16 18
15 16
14 18
13 18
12 13
8 12
7 9
4 9
4 8
1 6
0 3
0 6
