500 482 171
360
498
261
316
329
449
195
380
353
381
193
244
475
210
432
463
374
481
470
341
377
183
203
397
390
270
312
419
202
342
402
247
269
443
213
230
271
194
427
438
457
281
238
188
456
393
250
185
409
479
263
394
367
307
426
216
253
375
35
127
164
74
6
2
162
108
99
8
95
158
82
1
137
165
166
46
145
54
93
123
56
41
85
148
64
170
102
61
128
39
22
73
68
120
36
48
31
79
168
11
49
87
129
32
45
135
18
138
136
119
58
112
43
66
121
80
71
150
63
16
156
94
107
105
30
55
92
34
5
42
133
114
40
134
27
151
29
147
50
77
47
0
76
225
370
407
492
201
445
355
176
347
395
309
352
461
178
444
287
363
415
274
452
412
303
206
249
174
424
229
421
458
398
180
471
227
278
339
177
214
359
256
305
179
220
197
232
265
255
448
491
376
254
288
292
408
315
237
434
459
364
476
286
331
184
405
313
300
440
343
386
425
437
361
223
239
480
191
489
499
308
422
442
345
182
272
10
139
60
70
153
141
15
72
88
38
19
51
90
86
116
97
101
84
143
44
62
159
132
37
9
81
59
7
140
110
126
146
23
4
152
67
57
103
142
115
17
117
160
122
113
169
13
130
69
53
157
106
89
65
3
100
98
125
161
109
52
131
149
144
14
104
12
25
155
96
111
24
75
124
33
26
83
20
118
91
78
154
21
167
163
28
314
336
468
490
487
322
282
291
439
474
296
366
226
192
196
293
327
289
350
356
435
484
277
338
383
378
488
436
365
212
302
362
403
335
319
258
323
264
469
259
217
433
325
173
233
482
465
473
219
330
321
207
284
371
467
181
454
235
392
260
453
209
418
351
199
240
478
326
332
349
301
423
396
369
446
208
311
198
294
251
245
324
295
310
204
243
252
189
344
483
211
231
234
318
346
401
298
187
400
215
495
334
486
429
333
257
200
242
357
273
304
299
262
266
275
205
320
221
279
276
447
388
224
417
384
450
411
413
290
317
354
420
337
428
246
186
241
368
460
385
462
222
379
477
431
441
280
416
451
399
328
285
297
472
430
373
175
306
228
248
172
414
268
493
236
485
283
497
406
340
455
496
267
372
348
218
358
190
464
466
494
382
410
404
389
387
391
101 102
459 460
470 471
100 101
484 485
459 460
483 484
1 2
0 1
452 453
471 472
481 482
467 468
263 264
263 264
482 484
465 466
472 473
471 474
471 473
473 474
472 473
472 473
97 98
97 98
97 98
96 97
1 2
94 95
94 95
94 95
93 94
93 94
92 93
91 92
91 92
91 92
90 91
89 90
88 89
87 88
87 88
86 87
85 86
438 440
437 438
436 437
435 437
434 436
434 437
241 242
240 241
240 241
240 241
240 241
239 240
238 239
238 239
238 239
238 239
238 239
238 239
238 239
238 239
238 239
237 238
237 238
236 237
236 237
235 236
235 236
234 235
233 234
233 234
232 233
231 232
405 406
405 406
404 405
402 404
370 371
369 370
368 369
368 369
368 369
368 369
368 369
367 368
366 367
365 366
365 366
364 365
363 364
363 364
362 363
361 362
361 362
361 362
360 361
360 361
360 361
359 360
358 359
358 359
357 358
357 358
356 357
355 356
355 356
354 355
354 355
353 354
353 354
353 354
353 354
353 354
353 354
352 353
352 353
351 352
231 232
230 231
230 231
230 231
229 230
229 230
359 360
357 361
229 230
228 229
228 229
228 229
227 228
84 85
84 85
84 85
84 85
84 85
84 85
84 85
84 85
83 84
83 84
82 83
81 82
81 82
81 82
81 82
81 82
81 82
80 81
80 81
79 80
78 79
77 78
77 78
76 77
75 76
74 75
73 74
73 74
72 73
71 72
71 72
70 71
69 70
69 70
68 69
68 69
67 68
66 67
65 66
64 65
64 65
63 64
63 64
63 64
63 64
62 63
61 62
60 61
60 61
60 61
60 61
60 61
60 61
60 61
59 60
59 60
59 60
58 59
58 59
58 59
57 58
56 57
55 56
54 55
54 55
54 55
53 54
53 54
52 53
52 53
51 52
50 51
49 50
49 50
48 49
47 48
46 47
46 47
46 47
45 46
45 46
44 45
43 44
42 43
42 43
42 43
41 42
41 42
41 42
40 41
39 40
38 39
38 39
246 247
245 246
245 246
245 246
244 245
244 245
244 245
244 245
134 135
134 135
133 134
133 134
132 133
131 132
131 132
131 132
131 132
131 132
131 132
130 131
130 131
130 131
129 130
128 129
127 128
126 127
125 126
124 125
124 125
123 124
122 123
122 123
122 123
121 122
121 122
120 121
119 120
118 119
118 119
117 118
117 118
116 117
115 116
114 115
113 114
112 113
111 112
110 111
110 111
110 111
109 110
109 110
109 110
108 109
108 109
107 108
107 108
107 108
107 108
107 108
106 107
106 107
105 106
104 105
103 104
103 104
102 103
101 102
100 101
99 100
98 99
97 98
97 98
96 97
96 97
96 97
96 97
95 96
94 95
94 95
94 95
93 94
92 93
91 92
91 92
90 91
89 90
89 90
89 90
89 90
89 90
89 90
88 89
87 88
86 87
86 87
85 86
84 85
83 84
83 84
82 83
81 82
80 81
80 81
79 80
78 79
78 79
77 78
77 78
76 77
75 76
74 75
74 75
73 74
73 74
73 74
72 73
71 72
71 72
70 71
69 70
69 70
69 70
68 69
68 69
67 68
66 67
66 67
65 66
65 66
64 65
63 64
62 63
61 62
61 62
61 62
61 62
61 62
60 61
59 60
58 59
57 58
57 58
57 58
56 57
55 56
54 55
54 55
53 54
52 53
52 53
52 53
51 52
50 51
49 50
48 49
47 48
46 47
46 47
45 46
44 45
44 45
43 44
42 43
42 43
42 43
41 42
40 41
39 40
38 39
38 39
37 38
37 38
37 38
37 38
36 37
36 37
36 37
36 37
36 37
36 37
36 37
35 36
35 36
34 35
33 34
33 34
32 33
32 33
32 33
32 33
31 32
31 32
30 31
30 31
30 31
30 31
30 31
29 30
29 30
28 29
28 29
28 29
27 28
27 28
27 28
26 27
25 26
24 25
23 24
22 23
22 23
21 22
21 22
21 22
21 22
20 21
19 20
18 19
17 18
16 17
16 17
15 16
14 15
14 15
13 14
12 13
12 13
12 13
11 12
11 12
11 12
10 11
10 11
10 11
10 11
9 10
9 10
9 10
9 10
8 9
8 9
7 8
7 9
6 7
5 6
4 5
4 5
3 4
3 4
3 4
2 3
2 3
2 3
1 4
0 2
