5000 4806 1714
4985
4659
4930
2491
4565
2630
4945
2409
1828
2850
2989
2728
2506
3009
4089
4543
4873
3374
4416
2936
3058
2680
3712
3209
3424
3068
4241
2374
2185
4893
2381
4855
4349
3650
4956
4243
2444
2212
4881
3342
4595
1810
3314
3312
4918
3036
3924
2184
4023
4931
3688
3078
2018
2837
1717
2011
4976
1974
1861
2183
2520
2631
1748
3162
4125
4132
1762
3341
3962
3061
2864
1931
4211
1833
2419
1720
2628
4039
3195
3513
3503
2739
2814
4730
2302
2676
2434
2275
3749
3760
3119
3198
1978
4949
3240
2824
3506
3811
2593
3846
2545
3205
4103
3289
2825
3456
4995
3362
2623
2087
2829
2221
4269
2231
4831
4852
4874
2906
2220
4600
3588
2869
3050
4290
3121
2817
1884
3915
3063
3082
2344
4639
2823
4759
3826
2181
4789
3787
3856
4112
2375
2427
4561
2262
2038
4771
4353
2806
3848
4056
3840
4184
3495
4332
2534
4120
3347
2466
4141
2109
1807
2744
2123
2398
3020
4076
4957
2205
3420
2746
2483
2771
3773
3166
3438
2439
2673
3625
4069
3759
1942
4851
2841
2235
4456
3067
4092
2432
4166
3132
4807
2716
1852
3886
3203
2976
3159
2942
3501
2873
3814
2663
4305
2007
4586
1446
49
1558
1462
773
442
1034
511
1673
470
586
339
652
299
116
945
871
696
112
1238
1613
1180
255
1342
1422
1635
1167
940
541
1656
1343
731
685
1344
770
1233
935
1407
143
965
1270
294
1672
1092
934
855
1228
617
644
896
1171
901
1585
252
1432
641
382
808
128
575
987
992
636
1629
1064
779
589
736
1540
698
1624
314
1485
1693
3
1307
1704
1293
486
103
345
1453
828
1278
1075
1390
1084
450
147
577
1243
966
1073
1224
597
6
1068
1036
1184
473
786
568
3679
3167
2502
3193
1948
2536
4511
2761
2982
1780
2819
2809
3619
3190
2703
3307
3914
2632
4067
4119
3305
2648
2307
4837
3572
4055
3460
4802
3667
3043
4415
2550
2754
3445
1935
3524
3234
2239
2144
3084
2260
4708
4750
3152
2516
2699
2722
4765
3158
2088
1801
2821
4338
4505
4538
4903
2815
4027
4161
1795
3493
4285
1824
4093
3304
4609
3482
4977
2752
2557
3628
3918
2893
3443
2687
3680
1825
4664
2670
3310
2783
4368
2365
2350
4102
2651
2669
3409
1854
3077
2404
3012
4531
1949
1878
2313
4233
2559
3051
4383
1761
3148
4082
2005
3508
3086
1968
4484
4270
1928
1771
3005
2343
4052
4471
3560
4778
4310
2664
4445
2897
4766
3124
4029
4199
4578
4091
4738
4334
2641
4367
2159
3122
4858
4106
1841
4804
3873
1906
1918
2604
4927
4369
3372
3820
3407
2658
3764
2765
2600
3454
4753
2766
3569
2791
2563
4433
4619
2527
2282
3623
3110
4410
2894
1788
4248
4703
4312
4825
3977
4496
3471
4624
1958
3099
2393
3013
3986
2997
3964
3800
2401
4617
3530
2755
4151
2929
3366
4550
3528
4835
3104
3821
3176
2967
3022
4620
4005
3736
2167
2546
2932
4131
2352
2767
4435
3021
3296
4462
3194
2057
3284
3385
1756
1986
1773
2425
3812
2288
2020
3187
2446
4164
4077
4382
4542
2578
2804
3782
1932
3014
3120
3955
3973
3793
2921
2451
3664
4564
2178
3777
4776
4616
3615
4177
2672
4952
4940
1870
4610
2646
2012
2721
3398
4830
1775
3678
2836
2388
4910
1800
3904
4474
2547
1765
4548
3165
3269
4268
1774
2490
2334
2905
1735
4307
2310
2886
3354
3507
1961
1896
2589
4834
2951
2609
1951
3592
2174
2925
2884
2152
3611
2980
4342
4431
3716
1881
3874
3845
4080
4592
3948
2156
1934
1737
4156
4551
2286
4347
3539
1797
3629
4633
1723
2128
3340
4359
3344
4449
4073
2194
3497
3343
3565
2910
4597
3467
2025
4698
4292
2659
3253
4525
3220
3489
3128
4509
1993
4634
3739
4923
2986
4420
2397
4260
4714
4275
4025
2715
2230
2290
4911
2870
4502
1929
4157
3570
3762
4451
2830
3757
3406
4437
2796
2199
1867
4316
4417
4034
3740
4567
2296
4031
2234
4717
3139
4181
2062
4628
3965
3106
4409
3155
3928
1754
3785
2801
1855
3143
2127
3734
4145
4493
3888
4148
2180
4397
4742
3818
2074
1820
3074
2794
1946
4464
3710
2056
2134
4356
2934
4909
4253
2586
4053
2292
4818
2523
3035
3505
3581
3751
3605
4936
2799
3322
4466
3936
4236
4046
3910
1937
4482
4546
2135
3922
3233
4812
4221
91
609
1495
434
132
1603
772
1382
238
1353
578
1303
688
989
544
447
873
474
1007
407
60
801
1554
62
1389
975
334
441
1269
1684
58
1659
364
1413
1127
783
995
694
766
1589
618
932
1309
1291
102
97
611
386
1567
1391
1172
1488
248
1430
738
590
547
206
1655
487
1482
1306
1259
1059
191
43
490
269
14
1447
249
1436
1365
359
1220
1578
776
75
176
1660
561
677
695
1662
1545
1260
167
629
1644
522
574
839
411
1600
812
52
25
1227
425
144
4
819
1020
1651
1124
739
32
815
753
1628
728
1237
68
1266
414
1105
218
506
1074
780
23
1512
1709
1623
1273
120
11
648
1335
1466
1217
1563
664
306
820
532
164
602
1411
162
1437
826
66
1009
1627
1357
1085
751
304
655
1694
730
1080
232
443
1719
3548
2362
3661
2314
4622
4981
3921
2727
1760
2568
4146
1859
2802
3951
1790
2245
2776
2324
4026
2431
1915
3815
1726
1736
3752
4453
3311
1869
3218
4980
1786
4246
4455
4178
2938
3995
3484
2567
4007
2503
3282
4828
4762
2532
4330
2928
2486
2605
2411
2558
2462
3687
4054
4773
4784
3522
2959
1940
3849
4444
3224
1740
3125
3545
2445
2130
3819
3879
1898
4967
3714
4191
2348
2484
4805
2147
3147
3213
3255
3053
2668
2858
4251
2654
2774
4983
3331
2027
4346
2742
3280
3893
4507
2588
2470
1923
2335
3033
3542
4235
3200
2173
4230
3547
4168
4876
2141
2969
4107
4653
4630
4651
4188
2441
3150
3830
4588
1960
4440
3835
2098
2943
3380
2863
4942
3448
4882
2923
3930
4111
2392
3474
2125
2889
4063
4996
1793
4128
3294
2671
3538
2636
2978
2002
2917
4934
3229
4387
3457
4348
2443
4951
2315
4139
3283
3864
3335
4840
3017
3641
3073
2679
3574
3011
2733
4418
3048
3686
3034
4081
3064
1718
2926
3260
2518
3168
2149
4668
2085
4030
2384
3741
4428
3638
4469
2311
2209
4822
2622
3589
3709
4947
2554
3088
3360
3397
3025
1868
1888
3417
4658
3464
3935
3632
3216
3880
4116
4506
3875
3618
3982
3544
2104
3133
2736
3730
2868
4311
4732
2992
3455
1983
2922
4255
2204
3270
3272
4872
4289
4645
2083
4098
2252
4638
3789
4247
3129
4862
2798
4733
2583
2175
4136
4735
2361
2571
4819
3954
3055
1988
3996
3746
2564
3668
3292
4035
2476
2139
1856
2190
3654
2697
3038
4068
3414
3264
4320
3601
2856
3345
3177
2913
2456
3900
1784
4962
2880
3214
2700
2258
2206
2603
4994
4293
1129
1553
1109
237
1295
569
373
402
366
1550
95
1649
559
591
1063
1641
1645
1691
1685
1258
396
1088
692
674
972
83
337
1218
643
273
241
358
816
903
7
670
864
458
1024
1079
693
741
142
550
220
672
286
1363
503
1033
375
378
1046
584
86
1610
242
555
927
682
439
570
215
1633
1308
1314
1356
1507
301
1061
1528
1424
750
1375
217
527
755
1448
1135
941
26
1296
706
823
295
1284
317
911
598
1414
874
539
481
265
1570
679
1514
1383
1256
1176
1163
844
660
323
1257
1475
960
931
1071
1398
1697
1417
603
1100
1611
266
1594
155
853
1552
1223
1708
335
790
1025
272
715
1320
509
943
188
1571
1107
1535
1161
1128
651
735
1486
880
594
1442
70
1201
562
225
1200
1094
1549
1114
951
1426
1165
1198
1145
517
472
1478
716
1368
1149
1245
1397
491
104
1090
1698
174
270
1519
879
659
171
343
1489
1137
492
209
959
1374
408
1219
1240
777
925
647
355
512
78
185
1580
1077
1337
1177
708
910
310
1362
742
536
79
946
471
929
1616
1631
1700
1559
24
1360
520
803
82
1345
278
4282
2044
1880
4992
4297
1982
2382
2758
4939
1904
2436
1734
3916
2308
3388
2048
1921
1980
2031
4585
2867
2217
4421
3432
1883
1834
1792
3348
2225
4558
4915
2855
1823
3338
4575
2885
3427
2054
3446
4948
2428
3376
3998
4868
3980
3149
1889
2965
4800
2866
3597
2380
3250
3439
2657
2975
4648
3228
2501
2226
2266
2326
4922
4078
4200
4970
2457
2549
2930
3433
4173
1985
2510
3126
2784
2383
2210
4968
2626
4394
4306
1947
3950
3776
4333
4096
3081
4048
4607
2377
3291
4557
2610
3040
3823
4861
2918
3396
4894
4965
2560
4038
1769
2949
4012
1751
2811
3842
4623
2000
1830
3248
4232
4960
3697
2035
2565
1944
2875
2561
3834
2865
3309
4287
2655
3805
2142
4797
4019
3422
4674
2223
4360
3610
3496
4884
4185
4611
1851
4329
3767
3925
4090
4084
2170
2912
3755
2360
2473
2871
3882
1843
3620
3118
4419
3174
4683
4751
4016
3885
2450
3019
2028
3729
2818
3529
1919
4459
3578
4489
2250
4142
1981
3266
3622
4028
2118
1977
3646
2614
3359
1766
2073
3199
4745
4485
1742
4374
4327
2999
3440
2901
3405
4110
4101
4969
1910
3196
3185
4640
2014
4669
4614
1872
2887
4532
2983
3030
4772
4560
3476
2191
3568
3317
2133
3825
2316
3997
4786
4589
2487
4853
4209
4713
3315
3775
2430
4130
3681
3075
2041
3944
2358
2465
2251
1755
2695
2511
2213
2485
1744
4372
3938
3101
3577
3498
4385
3516
2650
2321
2777
2828
3976
4118
3647
2734
4170
4284
4149
4234
3600
2940
3837
4192
4694
2452
4608
3395
3927
4501
4890
4763
3370
2197
4267
4010
4621
2034
2955
2283
4021
2723
4944
3745
2463
1829
2412
3426
3947
2233
1798
4755
4888
4121
1943
2285
3694
4375
3692
2046
4266
3361
4916
1814
1992
2067
4242
1791
1962
2346
3584
1901
3032
2900
3640
2574
3784
4920
1875
3829
3052
2505
2423
2092
2979
4172
4250
2702
3591
3827
4788
2318
3160
4529
2760
3907
2089
813
484
372
1710
1119
970
1352
810
121
1501
605
1381
1713
612
1234
48
1051
1579
463
1338
868
1621
1676
397
876
985
1682
1050
89
277
865
948
445
316
1449
984
863
28
1569
580
370
163
430
1125
1614
950
405
845
151
1464
1244
1609
400
118
1576
1134
1011
219
889
159
113
99
799
746
914
1060
183
1334
236
1131
1386
563
1022
1361
628
1463
1248
422
437
1195
675
432
560
1477
344
133
18
681
869
357
1497
1313
627
721
862
900
17
1152
1216
385
216
1197
1380
4264
2369
4875
4495
4400
2036
2289
2474
2634
3558
4352
2834
3268
2953
2049
4210
2933
3595
4867
2617
2322
3299
2300
4809
3435
4207
4044
2051
4274
3624
3039
2542
2981
3850
3059
3237
4581
2718
1806
4483
4278
3587
2331
2277
4087
3202
4535
3747
2607
4681
4212
3533
4488
2110
2158
4321
4475
4296
4167
3480
2548
2188
4174
1752
4574
3257
4064
4547
3352
4099
3943
4654
2161
2877
2390
4599
2904
3287
4657
3750
4803
3402
2590
2580
3671
4401
3251
3083
3663
1782
2273
2977
2480
1831
4214
3855
4396
2371
3994
4984
3210
4537
3693
4676
3452
2340
1924
4405
4757
2726
2386
2080
4761
4231
3748
3382
4816
2349
4301
4526
2693
4328
4902
3346
3491
4492
2964
2504
4504
2468
2971
4663
4402
3774
4552
4407
3614
1840
1984
4795
4008
4891
3860
2712
4446
4593
2553
1950
4605
2618
1976
2271
4684
1965
4180
3235
2254
2417
3328
3813
3449
3931
2477
3262
4499
3583
2779
2566
2678
4660
3140
3001
2616
2524
3325
3419
3252
3673
2379
2160
3246
3230
2876
3797
3792
3832
1813
3655
4467
2517
4781
3416
3134
4095
2244
2539
3336
4817
2924
2120
2172
2816
2338
3247
4530
4723
4877
2121
4001
4257
3970
2743
3002
3853
2763
2370
3674
4319
2639
4562
4004
2729
2822
4604
2515
4954
4481
2512
2301
2328
3721
4846
3635
4666
4452
3651
2601
4361
4849
2284
2851
1716
4022
2050
4299
2024
2939
4879
2214
1781
4158
3046
1882
2059
2974
3866
4782
3841
4426
2747
4998
2625
2842
3137
2396
2342
2279
3906
1778
3197
4997
3072
4143
2916
4792
4314
4801
1858
2363
4972
4497
3512
3444
3942
3939
3242
4294
1966
3796
4613
3191
3770
1930
4756
3300
3871
2140
2753
3238
4398
2499
2656
2345
2366
1894
1826
4827
3778
3430
2892
1839
2222
2937
1955
3087
2787
3603
2642
3400
4147
3517
3109
2595
4040
3662
3332
3511
2455
2138
1730
2408
3261
3500
2281
2497
4629
4429
3783
2883
2970
4941
1897
2960
3394
4079
2947
2090
2592
4190
4579
2359
1819
1922
2459
3890
4787
3561
3116
2148
3877
3852
3553
3521
3520
2677
3254
3839
3378
4780
2508
3724
3096
2237
4041
3054
3934
3231
2097
4904
3410
3816
2914
2847
3909
3804
3386
4572
2249
4979
4424
4494
2738
1970
4183
4813
2415
2573
3267
3945
4298
2993
1763
4737
4303
2150
2902
4549
3981
2202
2364
2323
4503
4779
3201
4539
2353
4815
4487
2785
4478
3698
3833
1989
4379
1967
3353
4554
3142
1747
4836
2269
4770
4124
3245
2987
3303
4388
3706
2537
3824
4283
2640
3356
2637
2569
3653
2619
2488
4140
3462
2683
2621
4508
2407
4799
4202
3660
3617
2581
2385
3771
2001
2575
4606
2665
2543
3593
3094
4790
3157
2357
4133
3091
4729
4220
3926
4975
2675
2176
3869
3769
4569
2882
3794
3204
4697
4259
2750
3029
3478
4100
2620
2709
2132
1945
3057
1733
1866
2686
4443
1905
1850
3884
3725
4117
2633
4832
4472
2749
3461
4953
3045
3616
4677
2207
4528
2157
4244
2216
1863
2464
3691
4625
3974
2039
4897
4286
4309
4376
3961
3726
1842
4857
4906
3154
2189
2124
2095
3940
3368
3867
4582
4114
1799
2294
4438
2594
4702
2066
3519
2696
3627
2325
4833
4498
2126
3302
2544
1731
3765
2725
4721
4618
4768
3609
4933
3727
2215
2096
2535
3333
3024
4517
2731
3575
2890
3153
2732
4326
1785
3639
2259
4686
3892
4706
4152
3559
1938
3473
1802
3326
1743
4144
3676
3135
4838
3365
3876
2525
2888
4961
1917
2017
4704
3556
4889
2203
4764
2719
4929
3786
4300
3937
3418
1857
4206
848
109
595
654
765
1044
1174
413
1421
1193
1351
1502
919
1428
1568
556
1078
12
177
1556
827
1666
205
1496
710
720
529
1557
632
1280
671
1515
962
1456
348
435
499
1529
1376
917
921
729
1028
1392
1458
374
1455
748
465
186
1057
658
847
1599
1001
333
228
678
1620
1312
1547
291
1592
1164
130
329
1696
1480
354
253
74
1322
666
1492
1298
922
1625
145
451
478
476
33
841
500
1004
1681
328
572
2164
1991
3990
3515
2482
3586
2788
3351
4712
2862
1779
4758
2666
3487
2898
2029
4238
3754
4129
2228
2606
2674
4627
2389
4057
4350
3211
2068
1837
4340
4070
3339
3144
2218
4384
4993
406
289
1648
1099
621
784
254
204
557
982
73
387
365
662
230
10
1039
1524
290
1686
178
327
1450
1095
1142
837
1091
787
1385
1373
1498
195
377
1058
1472
1369
877
308
980
69
1586
1508
207
1189
1542
872
1416
1101
979
243
276
1647
420
419
1214
1333
1516
610
235
489
1705
199
851
616
1471
1066
1487
924
1410
1221
1341
829
768
1604
653
782
1406
891
1367
1147
461
1359
737
192
196
81
926
1433
1126
234
221
1288
1513
1000
415
1287
1638
1299
704
1158
1574
389
526
1601
1289
488
734
875
530
1366
533
1187
1139
22
1491
1371
1521
818
1203
1062
707
1564
974
281
846
50
724
1247
1652
108
540
549
887
587
888
607
691
895
1543
421
292
858
1326
519
778
1196
34
504
904
615
1712
703
1530
824
1509
606
1144
1315
1706
349
859
1469
1168
600
1584
1038
1695
392
1494
262
939
1286
1205
1014
1541
65
1347
1467
1210
1271
384
535
1479
518
1636
1590
968
1358
817
1065
1490
1093
1454
538
1537
1173
172
1254
152
246
494
96
596
38
701
462
1121
224
350
326
825
1665
466
1206
1186
1117
843
1081
202
1030
247
1517
227
379
687
1241
967
1615
136
764
274
1304
1226
915
393
1166
156
1103
920
717
137
1191
77
608
222
303
214
1106
1016
835
1104
418
881
663
1192
711
1006
1587
796
604
973
1332
702
71
1618
1630
700
912
1182
117
1565
424
233
309
542
1526
763
1096
508
436
330
1566
1072
376
1213
1232
1441
507
381
1300
184
854
1646
106
124
92
1199
1330
976
261
626
1384
1035
719
525
890
446
1222
1689
190
1562
1518
194
1396
1070
31
63
320
1674
585
676
1116
673
913
1
161
1157
630
961
1155
1111
1154
1019
315
1669
126
758
325
933
523
1443
485
380
1388
72
857
495
1438
956
898
623
440
622
456
690
1532
1470
558
842
1403
88
1408
870
1617
1415
986
957
543
1098
44
1402
157
1230
496
1316
894
1598
412
1377
991
905
592
1679
1349
722
1026
1229
135
125
429
198
1418
417
1626
831
1086
213
1159
287
455
39
1692
1148
1113
1331
1650
1250
1412
1379
165
260
1162
713
428
2529
2741
4370
3808
4783
4974
4047
4414
4113
1794
4959
4279
3161
3244
2541
2240
3105
3393
3872
3208
4389
3865
4009
3551
3685
4458
4237
3113
3991
4355
2831
4454
1812
4500
3151
2507
2309
3499
4510
2644
4746
1539
938
1318
668
1208
993
279
657
477
1510
1150
197
312
1395
1169
601
1637
100
981
367
754
1143
1053
1252
150
1008
1069
212
210
127
42
426
684
1596
493
1048
860
1481
1703
836
866
834
955
581
1372
990
347
457
346
505
733
1639
781
1037
1461
1190
732
1393
56
1474
0
1605
999
680
1531
369
55
705
936
1581
1401
256
510
1076
631
1423
1274
1394
552
883
318
689
285
996
1460
313
57
1268
170
714
804
338
15
404
531
709
800
614
1468
861
395
1301
1409
757
229
988
1297
40
745
267
431
1663
1444
566
371
978
115
907
725
85
307
1140
567
1687
356
51
1378
760
169
1642
744
1045
761
1012
179
1500
1434
1013
1677
954
153
119
1242
1122
624
1653
573
620
200
360
1536
1018
524
1336
593
1115
67
1005
1056
501
1577
293
390
319
958
1699
1055
884
546
809
697
154
1607
1711
479
1215
814
1002
822
1319
1311
268
795
1354
107
1015
1255
460
258
1431
635
1420
324
1027
1364
203
1400
1130
93
1040
867
759
187
1350
1251
1591
963
1582
1593
1427
475
649
244
767
1608
444
582
906
949
1194
1118
1597
181
723
908
1405
1459
1327
832
1511
571
1520
423
398
1445
1151
98
1555
788
1451
514
1505
928
1440
752
1087
282
1029
105
193
1329
1185
223
36
1680
638
21
1183
1622
1003
257
251
1138
1302
1231
168
947
619
497
821
805
1664
13
897
8
383
637
537
886
749
977
1290
667
134
1324
20
878
683
1108
1156
1573
1544
146
1657
1583
923
534
351
275
1561
1661
29
1283
1141
642
464
54
699
1133
160
340
1264
1282
645
388
61
1419
1619
1654
64
792
1305
1017
789
416
1435
138
1560
449
1606
1595
1339
793
37
806
482
1249
1253
1277
296
1355
1275
545
1667
101
564
1671
686
201
892
361
740
1348
409
1123
902
208
1506
964
245
515
321
469
41
1634
1281
909
342
1239
1261
1110
942
111
1179
588
1658
1551
579
726
1346
1572
5
856
259
433
189
1276
1522
1675
1701
240
410
403
838
849
483
1612
1294
1207
1328
565
1246
180
1202
885
454
1429
298
1041
830
1399
332
148
363
1425
129
983
1136
1267
182
850
807
1523
1262
1404
1067
548
4821
1877
4179
2402
3470
2945
4880
4652
2944
4647
2711
3669
3863
1759
4895
3836
3582
4109
2833
2881
4864
2265
2418
4748
2010
2058
3795
3807
3895
4728
3189
2400
3514
4182
3297
4066
1963
3677
3526
3634
3367
4223
2299
4856
1838
4693
2229
4477
4439
2832
4824
4476
1845
3469
2063
2521
2424
2004
4859
3278
2227
4692
4194
2768
2421
4791
3993
2219
3696
2293
3756
4448
2948
1864
4725
4908
2079
2587
4404
3047
3041
4171
3621
2165
2248
4017
4072
3972
4436
2106
2105
2270
1848
2376
2843
4534
4218
2179
3093
2008
3532
4399
3537
3567
4829
2481
2162
1849
4555
3042
3180
4885
3613
3780
4015
3540
1746
3502
4263
3902
1941
2907
3258
3225
3768
4982
3111
2685
2710
2941
3364
3878
1777
4050
3275
2151
4222
2119
2433
4071
2263
3790
4718
2737
4393
2413
3065
2682
2995
2792
3633
2280
3192
2757
2347
3799
4553
4568
3723
3735
2043
2935
3648
4186
3313
3831
3675
4126
3184
2339
3431
2033
3527
1750
4514
3975
1805
3758
4256
3626
2793
2848
2820
3384
4905
3080
4544
3645
3720
3447
2608
2171
3249
4845
2060
4896
4842
2638
3929
2015
4406
4932
3115
3917
3566
1911
3136
3763
3403
1789
3803
4878
3742
4839
4650
2958
2514
2319
3413
3186
1796
2584
4680
2857
3599
2112
2040
4848
1891
1811
4291
3127
2333
2420
1914
4587
2812
3817
4594
3472
3643
4276
2122
2954
3373
3006
2072
1972
2489
3222
2168
2846
4899
1821
2053
4673
1885
4135
4596
2099
3108
4380
3349
2653
2303
2662
3481
3076
2113
2435
3979
4315
4371
1738
2037
2153
2495
3085
4134
3107
4631
1899
2540
1959
2
1032
1457
625
1525
1387
336
9
1310
1178
1272
1175
263
1204
528
1181
1211
368
1504
302
226
1484
1102
613
551
1321
16
239
521
399
27
1031
123
1212
516
453
882
35
1265
459
953
166
1120
1640
1160
401
1285
427
576
1370
554
650
553
802
438
59
1452
718
149
362
1049
1023
712
665
1690
1052
211
1546
76
639
774
1010
994
893
1668
84
87
646
1021
141
498
918
158
110
300
90
175
311
771
1188
640
971
791
173
131
468
264
353
952
997
1683
2629
2078
3642
4434
3293
3705
3987
2274
4373
4295
3371
4854
3468
4395
2261
4470
4351
3958
4325
2643
2256
2624
2596
2745
4722
4527
2994
4442
2707
4847
1952
3337
3434
2461
2395
3004
2988
3590
4863
3901
4249
4963
3828
2114
3114
3659
4408
4760
3494
2447
4065
2635
1873
1892
3737
2094
4914
4917
1822
3103
3206
4036
3010
2267
3279
4193
3707
1758
2076
4860
3649
3541
1844
2803
2069
3932
3404
4432
2426
4227
4601
4785
3323
3744
4912
4058
1745
4820
4412
2429
4245
3543
2498
2332
2111
3988
3689
4775
4865
2496
2107
1916
3308
4318
3241
4955
3375
4422
4689
2449
4986
2414
4901
4033
2238
2838
2416
2509
2903
4378
4059
4711
4043
3188
3301
1887
3722
2810
4536
3399
3715
4871
3459
3509
4204
2835
2854
3450
1996
3612
4461
4754
3761
3957
2330
4747
4727
1876
3477
2551
3608
3130
2454
2242
2973
4224
2200
4844
2998
4926
1973
3286
2963
2813
2946
3684
3329
3442
4104
3436
4115
4357
4635
2789
2556
3112
3479
3644
2019
4018
1770
4336
3007
3274
3809
3437
3602
4710
4615
4559
2467
3564
4749
4216
4665
3327
2201
1732
3580
4798
4685
2016
2878
3215
2081
4365
3920
3658
4515
4423
4150
3383
3573
1846
1954
1971
2320
2071
3003
4195
2437
3971
2839
3239
4964
1725
3992
2246
2531
2475
3330
3170
4479
2268
4743
4900
2724
3504
3606
2795
2276
4392
3656
2701
3363
3295
4229
2448
3847
4097
2182
4217
3738
3421
4695
2243
4045
2688
4381
4391
2860
2187
4364
2692
3145
2354
3316
4013
3690
2961
4602
2599
3324
4281
4105
3881
3571
3008
3355
2022
3056
2990
3562
2691
2780
3423
1933
2406
1871
2077
2807
2084
4354
4153
2649
3212
4258
2585
3753
2082
2278
3851
4198
3031
2667
3488
3263
4337
2533
4950
3731
2579
2852
2145
2598
4978
4726
3123
3984
1749
3298
3838
2065
4425
3429
2086
4062
2356
3465
4324
3585
2748
2186
4636
2478
3490
3683
3868
3453
2611
2764
1994
4709
2717
4973
3163
4769
1903
4308
1768
2647
2492
2909
4887
3089
1776
3015
4696
3219
4339
1729
4196
3858
3027
3535
3889
4705
2247
4545
2797
3913
3531
3062
4127
1886
2984
2660
4513
4463
2236
3243
4598
4473
2690
1925
1724
4767
4094
4541
1912
3049
3441
3968
2479
3883
4777
1767
2264
2805
2844
4811
2597
3221
1764
2272
4679
4719
3857
2253
3666
4724
4304
4533
3779
4518
4088
4335
3652
3682
4701
3028
4823
2399
4175
2355
4003
4000
4042
4490
2367
4037
1836
3607
3802
4006
2351
3891
4262
3475
3960
4457
2003
2047
3708
4411
4061
1860
3259
3903
3728
2208
2555
1893
4075
3923
2163
4002
2782
3713
2895
4603
3321
4740
2143
2405
2373
3717
3071
2100
4317
4358
3941
2968
3138
4670
2317
2562
2661
4655
2372
4228
2298
3095
4060
2985
3546
3555
2705
4563
1753
4643
2195
2896
3604
2800
3518
2849
2519
3861
1772
1969
2769
3798
3550
4366
4656
2341
1816
4520
3466
4566
4302
4468
3978
4521
3408
4213
4580
3579
1739
1323
1548
998
1153
1588
1340
798
1688
634
513
480
1042
1317
394
139
452
1146
1112
1047
322
283
1132
45
1292
937
747
794
47
1089
1225
1707
1054
448
1493
1473
1476
1575
599
1503
1439
305
80
833
1083
633
1533
1043
30
727
1465
1325
944
852
1632
1643
1499
1170
284
1702
250
271
94
114
140
391
762
916
769
930
583
669
53
280
231
1602
341
1483
661
19
1209
1082
756
122
502
1097
1279
297
1527
288
969
811
743
352
467
899
1534
785
797
840
1235
1263
656
775
331
1678
1236
46
1670
1538
3100
4987
1835
2966
3411
3969
4632
3788
3801
2312
3510
3066
3169
3718
3486
2915
4341
3657
3183
3631
3273
4240
3173
3182
2759
3117
3894
4826
4720
1926
1999
3665
2154
2329
4744
4522
4345
4014
3037
4252
2453
3999
3207
4715
4672
4644
2528
1804
3525
4163
4169
3276
1817
2102
3069
4160
4085
2021
4032
1728
3704
4239
3946
4020
1920
2872
2232
2129
2075
4201
2108
2006
3552
3536
2613
1803
1953
4261
1862
3896
4176
3636
2131
2422
2460
3523
4024
1913
2442
2241
4808
4427
3956
3843
3492
4122
3887
4159
3232
3791
3967
3141
2070
2146
3859
4700
1818
2962
4892
2026
4480
2306
4913
1879
3899
3463
1865
2859
1809
4938
4519
4331
3290
3905
3079
4806
4491
2064
4343
4576
2166
3732
1900
3357
2602
4739
2773
4208
3733
1783
3854
4413
4313
4641
4108
3719
4322
3702
2211
3281
3288
2730
2091
4990
3810
3428
3549
4189
3743
3554
3563
2772
2337
3318
2786
4870
3369
2591
2950
4667
4570
3102
4187
4203
3171
2530
1715
4540
3226
4450
3908
4363
2570
1979
3164
3387
2751
2694
2576
1957
1890
2410
3912
3598
3483
2698
3379
3223
2391
2704
4277
4165
3265
2009
3919
2952
4736
3172
4219
4272
4137
2291
2305
4907
4886
3959
2013
4447
2287
1907
4691
3178
2756
4083
4386
3952
4752
4226
2775
2827
3285
4810
4377
3000
2155
2193
4344
4989
2472
2706
1847
4999
4678
2689
1741
4687
2572
3023
2061
2471
1964
2577
3766
4943
1721
4925
1832
4523
3670
4637
1895
2297
4841
2255
3703
4707
3701
4794
4898
3350
4524
3044
3557
4716
3451
4937
3415
3966
3146
3358
4590
4971
4573
2853
4731
2652
4254
4138
3699
2295
4205
2387
2861
1995
4671
4271
2708
3271
1727
2808
3458
4591
2136
2645
3898
2615
2052
4154
2093
2681
3534
2177
1956
2440
3897
4991
2522
4682
1997
3772
2552
4265
3381
3026
4512
2137
3306
4074
2996
4883
2368
3131
4155
4646
4924
3217
4465
3156
3989
4774
2720
2192
2911
2627
4699
2931
2336
4584
2196
1722
2908
3256
3870
2919
3277
2304
2055
3097
4626
4966
4946
2826
3983
3227
2538
4362
4460
2494
4796
2032
2513
4869
2526
2891
2115
4642
4197
4612
2500
4486
1936
3933
2458
3963
4123
2879
2957
1975
4441
4793
1998
4403
4958
4051
3594
2762
2972
1987
2740
3181
4919
3711
4225
3090
4323
1990
4390
4662
4162
2469
4935
4649
4086
1757
2116
2874
4814
2770
3700
3389
2394
3179
3392
3092
2327
1909
2224
4928
2899
1927
3401
4583
3016
3377
3425
4690
3236
4843
4734
4688
2713
3390
4675
1902
1939
2257
3412
2991
4215
2781
2169
2030
3319
3576
3672
4516
2920
3630
4866
3695
4049
4661
1827
2438
3018
4850
1874
3175
3320
3985
2956
3334
2378
4430
2778
2042
3949
3781
1787
2117
2493
2612
4011
2735
3596
2714
2840
2023
3822
3844
2101
4577
3862
3637
4921
3911
3070
2045
1815
4571
4988
2845
3098
2927
2790
1908
2684
4741
3391
4556
2198
2403
4280
3060
4288
2103
3485
3806
1808
2582
4273
1853
3953
4133 4134
4913 4914
504 505
2041 2042
0 1
4152 4153
4966 4968
4083 4084
4162 4163
4839 4840
2499 2500
4122 4123
2498 2499
4057 4058
4053 4054
4789 4791
4090 4091
4939 4940
4705 4706
4868 4869
4846 4847
4109 4110
4069 4070
4937 4938
4764 4765
4763 4764
4099 4100
4866 4867
4099 4100
4099 4100
4801 4802
4781 4782
4781 4782
4119 4120
4118 4119
2041 2042
4142 4143
519 520
519 520
4737 4738
4736 4737
4934 4935
4757 4758
4663 4664
2495 2496
4692 4693
4772 4773
4679 4680
4895 4896
4895 4896
4719 4720
4719 4720
4726 4728
4092 4093
4801 4803
4818 4821
4816 4818
4879 4882
4879 4882
4055 4056
4055 4056
4660 4662
4684 4685
4902 4903
4096 4098
4095 4096
4701 4702
510 511
4787 4789
2033 2035
4057 4058
4056 4057
4730 4731
4752 4754
4751 4752
4751 4752
4773 4774
4870 4871
4749 4750
4748 4749
2491 2492
529 530
4737 4738
4083 4087
4839 4841
4748 4749
4654 4656
4885 4886
528 529
527 528
4797 4798
0 1
4379 4380
4682 4684
4657 4658
4791 4792
4814 4815
4709 4710
4877 4878
4082 4083
4044 4045
4758 4760
4758 4759
4703 4704
4773 4776
2773 2774
503 504
4787 4789
4864 4865
4083 4084
4083 4084
4082 4083
4671 4672
4671 4672
4850 4851
4849 4850
798 799
798 799
798 799
798 799
797 798
796 797
795 796
794 795
514 515
2020 2023
4049 4050
4639 4641
4729 4730
4729 4730
4729 4730
4729 4730
4713 4714
4712 4714
4711 4712
4708 4711
4640 4641
4639 4641
4639 4640
4034 4035
4033 4034
4604 4606
4607 4608
4605 4606
4605 4607
4611 4612
4611 4613
4028 4029
4027 4028
4026 4027
4026 4027
4725 4726
4723 4725
4729 4731
4727 4729
2760 2761
2759 2760
2759 2760
2758 2759
2758 2759
2758 2759
2757 2758
2756 2757
2755 2756
4682 4683
4681 4682
4665 4666
4775 4776
4631 4632
793 794
793 794
793 794
792 793
792 793
792 793
791 792
790 791
789 790
789 790
789 790
789 790
789 790
788 789
788 789
787 788
1744 1745
1743 1744
1742 1743
1742 1743
1742 1743
4754 4755
4753 4754
4756 4757
4756 4757
4756 4757
4688 4690
4584 4585
4583 4584
4580 4581
4578 4580
4630 4631
4629 4631
4622 4623
4620 4622
4620 4622
4619 4620
4619 4620
4047 4048
4045 4047
4043 4046
4663 4664
4662 4664
4661 4663
4014 4015
4014 4017
4012 4015
1742 1743
1742 1743
4049 4050
4049 4050
4696 4697
4575 4576
4575 4576
515 516
514 515
4553 4555
4553 4555
4551 4554
3999 4000
3999 4000
3993 3994
3993 3995
253 254
252 253
3997 3998
3997 3998
509 510
4633 4637
4549 4550
4549 4552
4026 4027
4024 4026
4023 4025
4008 4010
4537 4538
4536 4537
4637 4639
4637 4638
4286 4287
4285 4286
4285 4286
4284 4285
4284 4285
4283 4284
4283 4284
4283 4284
4283 4284
4283 4284
4283 4284
4283 4284
4282 4283
4281 4282
4281 4282
4280 4281
4640 4642
4639 4640
4639 4641
3729 3730
3728 3729
3728 3729
3727 3728
3726 3727
3726 3727
3725 3726
3724 3725
3723 3724
1263 1264
1262 1263
1261 1262
1260 1261
1259 1260
1259 1260
1258 1259
1257 1258
1257 1258
1256 1257
1256 1257
1255 1256
1254 1255
1254 1255
1253 1254
1252 1253
1252 1253
1251 1252
1250 1251
1249 1250
1248 1249
512 514
512 513
4616 4617
4616 4617
3971 3972
4592 4593
4620 4621
4616 4620
4614 4616
4494 4497
4492 4494
4491 4493
4488 4492
4486 4490
4535 4536
4533 4535
3961 3962
3961 3963
3959 3961
3987 3988
3987 3990
3699 3700
3698 3699
3697 3698
3697 3698
3696 3697
3695 3696
3695 3696
3694 3695
3693 3694
3693 3694
3693 3694
3692 3693
3691 3692
3690 3691
3690 3691
3690 3691
3690 3691
3690 3691
3690 3691
3689 3690
3689 3690
3689 3690
3689 3690
3688 3689
3688 3689
3687 3688
3687 3688
3686 3687
3686 3687
3685 3686
3685 3686
3685 3686
3684 3685
3684 3685
3683 3684
3682 3683
3681 3682
4525 4526
3945 3946
3936 3937
3935 3936
3935 3938
3935 3936
3935 3936
3934 3936
4457 4458
4456 4457
4455 4457
4454 4455
3937 3939
3935 3937
1713 1714
1713 1714
1712 1713
1711 1712
1711 1712
1710 1711
1709 1710
1709 1710
1709 1710
1708 1709
3143 3144
3143 3144
3142 3143
3141 3142
3141 3142
3140 3141
3140 3141
3139 3140
3138 3139
3137 3138
3136 3137
3135 3136
3134 3135
3134 3135
3134 3135
3134 3135
3133 3134
3132 3133
3132 3133
3131 3132
3131 3132
3131 3132
3130 3131
3130 3131
3129 3130
3128 3129
3127 3128
3126 3127
3126 3127
3126 3127
3125 3126
3124 3125
3124 3125
3124 3125
3124 3125
3124 3125
3123 3124
3122 3123
3122 3123
3121 3122
3121 3122
3120 3121
3120 3121
3119 3120
3119 3120
3119 3120
3119 3120
3118 3119
3117 3118
3116 3117
3115 3116
4411 4413
3620 3621
3619 3620
3619 3620
3618 3619
3617 3618
3617 3618
3616 3617
3616 3617
3616 3617
3615 3616
3615 3616
3614 3615
3614 3615
3613 3614
3612 3613
3612 3613
3612 3613
3612 3613
3612 3613
3611 3612
3611 3612
3610 3611
3609 3610
3609 3610
3608 3609
3608 3609
3607 3608
3607 3608
3606 3607
3606 3607
3605 3606
3605 3606
3604 3605
3603 3604
3603 3604
3603 3604
3602 3603
3601 3602
3600 3601
3600 3601
1245 1246
1244 1245
1243 1244
1243 1244
1243 1244
1242 1243
1241 1242
1241 1242
1240 1241
1240 1241
2683 2684
2683 2684
2683 2684
2682 2683
2682 2683
2681 2682
2681 2682
2680 2681
2680 2681
2679 2680
2678 2679
2678 2679
2677 2678
2677 2678
2677 2678
2677 2678
4327 4328
4327 4328
4325 4327
4325 4327
4342 4343
510 515
3569 3570
3569 3570
3569 3570
3568 3569
3567 3568
3566 3567
3566 3567
3565 3566
3564 3565
3563 3564
3563 3564
3563 3564
3562 3563
3562 3563
3562 3563
3561 3562
3560 3561
3560 3561
3560 3561
3560 3561
3560 3561
3560 3561
3559 3560
4030 4031
4029 4030
4029 4030
4029 4030
4028 4029
4028 4029
4027 4028
4026 4027
4025 4026
4024 4025
4023 4024
4023 4024
4022 4023
4021 4022
4021 4022
4020 4021
4020 4021
4020 4021
4019 4020
4018 4019
4017 4018
4017 4018
4017 4018
4016 4017
4016 4017
4015 4016
4014 4015
4014 4015
4014 4015
4014 4015
4013 4014
4012 4013
4012 4013
4011 4012
4010 4011
4010 4011
4009 4010
4008 4009
4008 4009
4007 4008
4007 4008
4006 4007
4006 4007
4006 4007
4005 4006
4005 4006
4004 4005
4004 4005
4003 4004
4003 4004
4002 4003
4002 4003
4002 4003
4002 4003
4002 4003
4001 4002
4001 4002
4000 4001
3999 4000
3998 3999
3997 3998
3996 3997
3995 3996
3995 3996
3994 3995
3993 3994
3992 3993
3991 3992
3991 3992
3991 3992
3991 3992
3990 3991
3990 3991
3990 3991
3989 3990
3989 3990
3988 3989
3988 3989
3987 3988
3987 3988
3987 3988
3986 3987
3985 3986
3984 3985
3984 3985
3984 3985
3984 3985
3983 3984
3982 3983
3982 3983
3981 3982
3981 3982
3981 3982
3981 3982
3981 3982
3980 3981
3979 3980
3979 3980
3978 3979
3978 3979
3978 3979
3978 3979
3977 3978
3977 3978
3977 3978
3977 3978
3977 3978
3976 3977
3975 3976
3975 3976
3975 3976
3974 3975
3973 3974
3972 3973
3971 3972
3971 3972
3971 3972
3971 3972
3971 3972
3970 3971
3970 3971
3970 3971
3970 3971
3970 3971
3970 3971
3969 3970
3969 3970
3968 3969
3968 3969
3968 3969
3968 3969
3967 3968
3966 3967
3965 3966
3965 3966
3964 3965
3964 3965
3963 3964
3963 3964
3963 3964
3963 3964
3963 3964
3963 3964
3962 3963
3962 3963
3962 3963
3962 3963
3962 3963
3961 3962
3960 3961
3959 3960
3959 3960
3959 3960
3959 3960
3959 3960
3958 3959
3958 3959
3958 3959
3957 3958
3956 3957
3955 3956
3955 3956
3955 3956
3954 3955
3953 3954
4165 4166
4164 4165
4163 4164
4161 4163
504 505
504 505
503 506
3079 3080
3079 3080
3079 3080
3079 3080
3078 3079
3078 3079
3077 3078
3077 3078
3077 3078
3076 3077
3076 3077
3076 3077
3076 3077
3076 3077
3075 3076
3075 3076
3074 3075
3073 3074
3072 3073
3071 3072
4092 4093
4090 4092
4088 4090
4087 4089
4085 4087
4082 4085
252 253
252 253
251 252
251 252
250 251
4138 4140
4137 4140
1225 1226
1224 1225
1224 1225
1223 1224
1223 1224
1223 1224
1223 1224
1223 1224
1222 1223
1222 1223
1222 1223
1222 1223
1221 1222
1221 1222
4138 4139
4119 4121
4118 4119
4116 4119
4114 4117
763 764
763 764
763 764
762 763
762 763
762 763
762 763
762 763
761 762
761 762
760 761
759 760
759 760
758 759
758 759
757 758
756 757
755 756
755 756
755 756
755 756
755 756
755 756
754 755
754 755
753 754
752 753
752 753
752 753
752 753
751 752
751 752
751 752
750 751
749 750
748 749
747 748
747 748
746 747
746 747
745 746
745 746
744 745
744 745
743 744
743 744
742 743
741 742
740 741
739 740
738 739
738 739
737 738
737 738
737 738
736 737
736 737
735 736
735 736
734 735
734 735
733 734
733 734
733 734
733 734
732 733
732 733
731 732
730 731
730 731
729 730
729 730
728 729
727 728
727 728
727 728
727 728
727 728
726 727
725 726
724 725
724 725
724 725
724 725
724 725
724 725
724 725
724 725
723 724
723 724
723 724
723 724
723 724
723 724
723 724
723 724
722 723
722 723
722 723
722 723
721 722
720 721
720 721
719 720
718 719
718 719
717 718
716 717
716 717
715 716
715 716
715 716
715 716
715 716
715 716
715 716
714 715
714 715
714 715
714 715
714 715
714 715
714 715
714 715
713 714
712 713
712 713
712 713
712 713
712 713
711 712
710 711
709 710
709 710
709 710
708 709
707 708
706 707
705 706
704 705
703 704
703 704
702 703
701 702
701 702
700 701
700 701
700 701
699 700
698 699
698 699
697 698
696 697
696 697
696 697
696 697
696 697
695 696
695 696
694 695
693 694
692 693
691 692
691 692
691 692
690 691
689 690
689 690
688 689
688 689
687 688
686 687
685 686
684 685
684 685
684 685
684 685
683 684
682 683
682 683
682 683
682 683
682 683
681 682
681 682
681 682
680 681
679 680
678 679
677 678
677 678
676 677
676 677
676 677
675 676
674 675
673 674
672 673
671 672
670 671
670 671
670 671
669 670
669 670
669 670
668 669
667 668
667 668
667 668
3521 3522
666 667
665 666
664 665
663 664
662 663
662 663
662 663
662 663
661 662
660 661
659 660
658 659
657 658
656 657
655 656
654 655
654 655
653 654
653 654
652 653
652 653
651 652
651 652
651 652
650 651
3860 3862
3855 3861
3854 3855
3853 3856
3492 3494
3491 3493
3489 3494
3488 3491
3488 3490
987 988
986 987
985 986
985 986
985 986
985 986
984 985
984 985
983 984
982 983
982 983
982 983
981 982
981 982
980 981
979 980
979 980
979 980
979 980
979 980
979 980
979 980
979 980
978 979
977 978
976 977
975 976
975 976
975 976
974 975
973 974
972 973
972 973
971 972
3827 3828
1400 1401
1400 1401
1399 1400
1399 1400
1399 1400
1398 1399
1398 1399
1398 1399
1398 1399
1397 1398
1396 1397
1396 1397
1395 1396
1395 1396
1395 1396
1394 1395
1394 1395
1394 1395
1394 1395
1394 1395
1393 1394
1393 1394
1392 1393
1392 1393
1392 1393
1392 1393
1392 1393
1391 1392
1390 1391
1389 1390
1388 1389
1388 1389
1388 1389
1387 1388
1387 1388
1387 1388
1387 1388
1387 1388
1386 1387
1386 1387
1385 1386
1385 1386
1384 1385
1383 1384
1382 1383
1382 1383
1381 1382
1381 1382
1381 1382
1381 1382
1380 1381
1380 1381
1379 1380
1379 1380
1378 1379
1378 1379
1377 1378
1377 1378
1376 1377
1375 1376
1375 1376
1375 1376
1374 1375
1374 1375
1374 1375
1374 1375
1374 1375
1374 1375
1374 1375
1373 1374
1373 1374
1373 1374
1372 1373
1371 1372
1370 1371
1370 1371
1369 1370
1368 1369
1367 1368
1367 1368
1367 1368
1366 1367
1366 1367
1366 1367
1366 1367
1366 1367
1366 1367
1366 1367
1366 1367
1365 1366
1364 1365
1363 1364
1362 1363
1361 1362
1360 1361
1359 1360
1358 1359
1357 1358
1357 1358
1357 1358
1357 1358
1357 1358
1357 1358
1357 1358
1357 1358
1356 1357
1355 1356
1354 1355
1353 1354
1353 1354
1352 1353
1352 1353
1351 1352
1350 1351
1350 1351
1349 1350
1349 1350
1349 1350
1349 1350
1348 1349
1347 1348
1346 1347
1346 1347
1346 1347
1345 1346
1345 1346
1344 1345
1344 1345
1343 1344
1343 1344
1342 1343
1341 1342
1341 1342
1340 1341
1340 1341
1340 1341
1340 1341
1340 1341
1339 1340
1338 1339
1337 1338
1337 1338
1337 1338
1336 1337
1335 1336
1334 1335
1334 1335
1334 1335
1333 1334
1333 1334
1332 1333
1331 1332
1331 1332
1331 1332
1331 1332
1331 1332
1330 1331
1330 1331
1329 1330
1329 1330
1329 1330
3639 3640
3639 3640
3637 3641
3633 3637
3633 3634
3655 3656
3654 3656
3650 3655
3645 3650
970 971
970 971
969 970
969 970
968 969
968 969
968 969
967 968
967 968
967 968
967 968
967 968
966 967
966 967
965 966
965 966
965 966
964 965
964 965
963 964
962 963
961 962
961 962
961 962
960 961
960 961
959 960
959 960
958 959
958 959
958 959
958 959
958 959
957 958
956 957
955 956
955 956
954 955
953 954
953 954
952 953
951 952
950 951
949 950
949 950
948 949
947 948
946 947
945 946
945 946
945 946
945 946
944 945
943 944
942 943
941 942
940 941
939 940
938 939
938 939
937 938
936 937
936 937
936 937
935 936
935 936
935 936
934 935
933 934
932 933
932 933
931 932
930 931
929 930
928 929
928 929
927 928
927 928
926 927
926 927
926 927
925 926
925 926
924 925
924 925
924 925
923 924
922 923
922 923
922 923
921 922
920 921
919 920
918 919
917 918
917 918
917 918
916 917
915 916
914 915
913 914
912 913
912 913
911 912
910 911
910 911
909 910
909 910
909 910
909 910
908 909
908 909
907 908
906 907
905 906
905 906
905 906
905 906
904 905
903 904
903 904
903 904
902 903
902 903
902 903
901 902
900 901
900 901
899 900
898 899
897 898
897 898
896 897
895 896
894 895
893 894
893 894
892 893
892 893
891 892
890 891
889 890
889 890
888 889
888 889
888 889
888 889
887 888
886 887
886 887
885 886
884 885
883 884
883 884
883 884
883 884
882 883
881 882
881 882
880 881
879 880
879 880
878 879
877 878
876 877
876 877
875 876
874 875
874 875
873 874
872 873
871 872
870 871
870 871
870 871
869 870
868 869
868 869
867 868
867 868
867 868
866 867
865 866
865 866
864 865
864 865
864 865
863 864
862 863
861 862
861 862
860 861
859 860
858 859
858 859
857 858
857 858
857 858
856 857
855 856
855 856
854 855
853 854
853 854
852 853
851 852
850 851
850 851
850 851
849 850
848 849
847 848
846 847
845 846
845 846
845 846
845 846
845 846
845 846
845 846
844 845
844 845
843 844
843 844
842 843
841 842
841 842
840 841
839 840
838 839
837 838
836 837
835 836
835 836
835 836
834 835
834 835
833 834
833 834
832 833
831 832
830 831
830 831
830 831
830 831
830 831
830 831
829 830
828 829
828 829
828 829
827 828
827 828
827 828
827 828
826 827
826 827
826 827
826 827
825 826
825 826
825 826
824 825
824 825
823 824
823 824
823 824
823 824
822 823
821 822
821 822
820 821
820 821
820 821
820 821
820 821
819 820
819 820
819 820
818 819
817 818
816 817
815 816
815 816
815 816
3000 3002
1934 1935
1933 1934
1932 1933
1932 1933
1932 1933
1932 1933
1932 1933
1932 1933
1931 1932
1931 1932
1931 1932
1930 1931
1929 1930
1928 1929
1928 1929
1927 1928
1927 1928
1927 1928
1926 1927
1926 1927
1926 1927
1925 1926
1924 1925
1924 1925
1923 1924
1922 1923
1921 1922
1920 1921
1920 1921
1920 1921
1920 1921
1920 1921
1919 1920
1919 1920
1918 1919
1918 1919
1917 1918
1916 1917
2300 2301
2299 2300
2299 2300
2299 2300
2299 2300
2299 2300
2298 2299
2297 2298
2297 2298
2297 2298
2296 2297
2295 2296
2295 2296
2294 2295
2293 2294
2293 2294
2292 2293
2292 2293
2292 2293
2291 2292
2291 2292
2290 2291
2289 2290
2289 2290
2288 2289
650 651
649 650
649 650
648 649
647 648
647 648
646 647
645 646
644 645
644 645
643 644
642 643
642 643
641 642
640 641
640 641
639 640
639 640
639 640
638 639
637 638
637 638
637 638
637 638
637 638
637 638
636 637
635 636
635 636
634 635
633 634
633 634
632 633
631 632
630 631
629 630
629 630
629 630
629 630
628 629
628 629
628 629
628 629
627 628
627 628
626 627
625 626
624 625
624 625
623 624
622 623
621 622
620 621
619 620
619 620
619 620
618 619
617 618
617 618
616 617
616 617
615 616
614 615
614 615
613 614
612 613
611 612
611 612
611 612
611 612
610 611
610 611
610 611
609 610
609 610
609 610
608 609
608 609
607 608
607 608
606 607
605 606
604 605
604 605
604 605
604 605
604 605
604 605
604 605
603 604
603 604
603 604
602 603
602 603
601 602
601 602
600 601
599 600
599 600
599 600
598 599
597 598
596 597
595 596
595 596
595 596
595 596
594 595
594 595
594 595
594 595
594 595
593 594
592 593
591 592
590 591
590 591
589 590
589 590
588 589
588 589
587 588
586 587
586 587
585 586
584 585
584 585
583 584
582 583
581 582
581 582
581 582
580 581
580 581
580 581
580 581
580 581
579 580
579 580
578 579
578 579
578 579
577 578
577 578
577 578
577 578
576 577
575 576
574 575
573 574
573 574
572 573
572 573
571 572
570 571
2132 2133
2131 2132
2131 2132
2131 2132
2130 2131
2129 2130
2129 2130
2129 2130
2129 2130
2129 2130
2128 2129
2128 2129
2128 2129
2128 2129
2128 2129
2127 2128
2126 2127
2125 2126
2125 2126
2124 2125
2123 2124
2122 2123
2122 2123
2121 2122
2120 2121
2119 2120
2119 2120
2119 2120
2118 2119
2118 2119
2118 2119
2117 2118
2117 2118
2116 2117
2115 2116
2115 2116
2114 2115
2114 2115
2113 2114
2112 2113
2112 2113
2112 2113
1761 1762
1760 1761
1760 1761
1759 1760
1758 1759
1757 1758
1756 1757
1755 1756
1755 1756
1755 1756
1754 1755
1753 1754
1753 1754
1752 1753
1751 1752
1751 1752
1750 1751
1750 1751
1750 1751
1750 1751
1750 1751
1750 1751
1749 1750
1749 1750
1749 1750
1749 1750
1748 1749
1747 1748
1747 1748
1747 1748
1746 1747
1746 1747
1746 1747
1745 1746
1744 1745
1743 1744
1742 1743
1741 1742
1740 1741
1739 1740
1738 1739
1738 1739
1738 1739
1737 1738
1737 1738
1737 1738
1737 1738
1736 1737
1735 1736
1735 1736
1735 1736
1735 1736
1735 1736
1735 1736
1735 1736
1735 1736
1734 1735
1733 1734
1732 1733
3035 3036
3034 3036
3033 3034
3032 3036
3031 3034
2683 2684
2681 2683
2679 2681
2679 2681
569 570
569 570
568 569
568 569
567 568
567 568
567 568
567 568
567 568
567 568
567 568
566 567
565 566
565 566
565 566
565 566
565 566
565 566
564 565
563 564
563 564
563 564
563 564
2458 2459
2457 2458
2456 2457
2456 2457
636 637
636 637
636 637
635 636
634 635
634 635
633 634
633 634
632 633
632 633
632 633
632 633
631 632
631 632
630 631
629 630
628 629
628 629
627 628
626 627
626 627
626 627
625 626
625 626
625 626
624 625
623 624
622 623
622 623
622 623
622 623
622 623
621 622
620 621
620 621
619 620
619 620
619 620
618 619
617 618
617 618
616 617
616 617
616 617
616 617
615 616
615 616
614 615
613 614
613 614
612 613
612 613
612 613
611 612
610 611
609 610
608 609
607 608
606 607
605 606
604 605
603 604
603 604
602 603
601 602
601 602
600 601
600 601
599 600
599 600
598 599
598 599
597 598
596 597
595 596
594 595
593 594
593 594
593 594
593 594
593 594
592 593
592 593
592 593
591 592
590 591
590 591
590 591
590 591
589 590
588 589
587 588
587 588
587 588
586 587
585 586
584 585
584 585
584 585
584 585
584 585
583 584
583 584
582 583
581 582
580 581
580 581
579 580
578 579
577 578
577 578
576 577
575 576
574 575
574 575
574 575
574 575
573 574
573 574
573 574
573 574
572 573
571 572
571 572
571 572
571 572
570 571
570 571
569 570
569 570
568 569
568 569
567 568
566 567
565 566
564 565
563 564
563 564
562 563
562 563
561 562
560 561
559 560
558 559
558 559
557 558
556 557
556 557
555 556
555 556
555 556
555 556
554 555
553 554
552 553
551 552
550 551
550 551
549 550
549 550
549 550
548 549
548 549
548 549
548 549
547 548
547 548
546 547
545 546
545 546
544 545
543 544
543 544
543 544
543 544
543 544
542 543
541 542
540 541
540 541
540 541
539 540
538 539
537 538
536 537
535 536
535 536
535 536
535 536
534 535
534 535
534 535
533 534
533 534
533 534
532 533
532 533
531 532
531 532
1510 1511
1510 1511
1510 1511
1509 1510
1509 1510
1508 1509
1507 1508
1506 1507
1505 1506
1505 1506
1504 1505
1504 1505
1503 1504
1503 1504
1503 1504
1502 1503
1501 1502
1501 1502
1500 1501
1499 1500
1499 1500
1498 1499
1497 1498
1497 1498
1496 1497
1495 1496
1494 1495
1494 1495
1493 1494
1493 1494
1493 1494
1493 1494
1492 1493
1492 1493
1491 1492
1490 1491
1489 1490
1488 1489
1487 1488
1486 1487
1485 1486
1485 1486
1485 1486
1485 1486
1484 1485
1483 1484
1483 1484
1482 1483
1482 1483
1481 1482
1481 1482
1481 1482
1481 1482
1480 1481
1479 1480
1479 1480
1479 1480
1478 1479
1477 1478
1477 1478
1477 1478
1476 1477
1476 1477
1475 1476
1475 1476
1475 1476
1474 1475
1473 1474
1473 1474
1472 1473
1471 1472
1470 1471
1469 1470
1468 1469
1468 1469
1467 1468
1467 1468
1466 1467
1465 1466
1464 1465
1464 1465
1463 1464
1462 1463
1462 1463
1461 1462
1460 1461
1460 1461
1460 1461
1459 1460
1459 1460
1459 1460
1458 1459
1458 1459
1458 1459
1457 1458
1457 1458
1456 1457
1456 1457
1455 1456
1454 1455
1454 1455
1453 1454
1453 1454
1453 1454
1453 1454
1452 1453
1451 1452
1450 1451
1449 1450
1449 1450
1449 1450
1448 1449
1447 1448
1446 1447
1445 1446
1444 1445
1443 1444
1442 1443
1441 1442
1440 1441
1440 1441
1440 1441
1439 1440
1439 1440
1439 1440
1438 1439
1438 1439
1437 1438
1436 1437
1435 1436
1435 1436
1435 1436
1435 1436
1434 1435
1434 1435
1434 1435
1433 1434
1432 1433
1432 1433
1432 1433
1432 1433
1432 1433
1432 1433
1431 1432
1431 1432
1431 1432
1431 1432
1431 1432
1431 1432
1431 1432
1431 1432
1431 1432
1430 1431
1430 1431
1429 1430
1429 1430
1428 1429
1428 1429
1428 1429
1428 1429
1427 1428
1426 1427
1425 1426
1425 1426
1425 1426
1424 1425
1423 1424
1423 1424
1422 1423
1421 1422
1421 1422
1420 1421
1419 1420
1418 1419
1417 1418
1417 1418
1416 1417
1416 1417
1415 1416
1415 1416
1414 1415
1414 1415
1413 1414
1412 1413
1411 1412
1410 1411
1410 1411
1409 1410
1408 1409
1407 1408
1406 1407
1405 1406
1405 1406
1405 1406
1404 1405
1403 1404
1402 1403
1401 1402
1400 1401
1400 1401
1399 1400
1399 1400
1398 1399
1398 1399
1397 1398
1396 1397
1395 1396
1394 1395
1394 1395
1394 1395
1394 1395
1393 1394
1392 1393
1392 1393
1392 1393
1392 1393
1392 1393
1391 1392
1390 1391
1390 1391
1390 1391
1389 1390
1388 1389
1387 1388
1386 1387
1386 1387
1385 1386
1384 1385
1384 1385
1384 1385
1384 1385
1384 1385
1383 1384
1383 1384
1382 1383
1382 1383
1381 1382
1380 1381
1282 1283
1281 1282
1280 1281
1279 1280
1278 1279
1277 1278
1276 1277
1276 1277
1275 1276
1275 1276
1275 1276
1274 1275
1274 1275
1273 1274
1272 1273
1271 1272
1271 1272
1270 1271
1269 1270
1268 1269
1268 1269
1268 1269
1267 1268
1267 1268
1266 1267
1266 1267
1266 1267
1266 1267
1265 1266
1265 1266
1264 1265
1264 1265
1264 1265
1264 1265
1263 1264
1262 1263
1262 1263
1261 1262
1261 1262
1261 1262
1261 1262
1260 1261
1259 1260
1258 1259
1257 1258
1257 1258
1257 1258
1256 1257
1255 1256
1255 1256
1255 1256
1255 1256
1254 1255
1254 1255
1253 1254
1252 1253
1252 1253
1251 1252
1250 1251
1249 1250
1249 1250
1248 1249
1247 1248
1246 1247
1246 1247
1245 1246
1245 1246
1244 1245
1244 1245
1244 1245
1243 1244
1243 1244
1242 1243
1242 1243
1242 1243
1242 1243
1241 1242
1241 1242
1241 1242
1241 1242
1240 1241
1239 1240
1238 1239
1238 1239
249 250
249 250
249 250
249 250
249 250
249 250
249 250
249 250
249 250
249 250
248 249
247 248
247 248
247 248
246 247
246 247
245 246
245 246
244 245
244 245
243 244
242 243
241 242
241 242
240 241
240 241
240 241
239 240
238 239
238 239
237 238
236 237
236 237
235 236
235 236
235 236
235 236
235 236
234 235
234 235
234 235
233 234
232 233
231 232
230 231
229 230
228 229
227 228
226 227
225 226
225 226
225 226
225 226
225 226
224 225
224 225
223 224
222 223
222 223
222 223
222 223
221 222
220 221
220 221
220 221
220 221
220 221
220 221
220 221
220 221
219 220
218 219
218 219
218 219
217 218
217 218
216 217
216 217
215 216
214 215
214 215
214 215
213 214
212 213
211 212
210 211
210 211
209 210
208 209
207 208
206 207
205 206
204 205
204 205
203 204
202 203
201 202
201 202
200 201
200 201
199 200
199 200
198 199
198 199
198 199
197 198
197 198
196 197
196 197
196 197
196 197
195 196
194 195
194 195
193 194
193 194
193 194
193 194
192 193
191 192
190 191
190 191
189 190
188 189
187 188
186 187
185 186
184 185
183 184
182 183
182 183
182 183
182 183
181 182
181 182
180 181
180 181
179 180
179 180
179 180
179 180
178 179
177 178
177 178
176 177
175 176
175 176
175 176
174 175
174 175
174 175
174 175
173 174
173 174
173 174
172 173
171 172
170 171
170 171
169 170
168 169
168 169
168 169
168 169
167 168
166 167
165 166
165 166
165 166
164 165
163 164
162 163
161 162
160 161
159 160
159 160
159 160
159 160
158 159
157 158
156 157
155 156
155 156
154 155
153 154
153 154
153 154
153 154
153 154
153 154
152 153
151 152
151 152
150 151
150 151
150 151
149 150
149 150
149 150
148 149
148 149
147 148
146 147
145 146
144 145
143 144
143 144
142 143
142 143
141 142
141 142
141 142
140 141
139 140
138 139
138 139
138 139
137 138
136 137
135 136
135 136
134 135
134 135
133 134
133 134
133 134
132 133
131 132
131 132
130 131
129 130
129 130
129 130
128 129
128 129
128 129
128 129
128 129
128 129
127 128
127 128
126 127
125 126
125 126
124 125
124 125
124 125
123 124
123 124
123 124
123 124
123 124
122 123
122 123
122 123
122 123
122 123
122 123
122 123
122 123
121 122
120 121
120 121
120 121
120 121
120 121
119 120
119 120
118 119
117 118
117 118
116 117
115 116
114 115
114 115
114 115
114 115
114 115
113 114
113 114
112 113
111 112
111 112
110 111
109 110
108 109
108 109
108 109
107 108
106 107
105 106
104 105
103 104
102 103
101 102
101 102
100 101
100 101
99 100
99 100
98 99
98 99
98 99
97 98
96 97
95 96
95 96
95 96
94 95
93 94
93 94
93 94
93 94
92 93
92 93
91 92
91 92
90 91
89 90
89 90
89 90
88 89
88 89
87 88
87 88
86 87
85 86
85 86
85 86
85 86
84 85
83 84
83 84
82 83
81 82
80 81
80 81
79 80
78 79
77 78
76 77
76 77
75 76
75 76
75 76
75 76
75 76
75 76
75 76
74 75
74 75
73 74
72 73
71 72
70 71
70 71
69 70
69 70
69 70
69 70
69 70
69 70
68 69
67 68
67 68
66 67
65 66
64 65
63 64
62 63
62 63
61 62
60 61
60 61
60 61
60 61
59 60
59 60
59 60
58 59
57 58
56 57
56 57
55 56
54 55
54 55
53 54
52 53
51 52
51 52
51 52
50 51
49 50
48 49
48 49
47 48
46 47
46 47
45 46
44 45
43 44
42 43
42 43
41 42
40 41
40 41
40 41
40 41
40 41
40 41
40 41
40 41
40 41
40 41
39 40
39 40
39 40
39 40
38 39
38 39
37 38
36 37
36 37
35 36
34 35
33 34
33 34
32 33
31 32
31 32
31 32
30 31
30 31
30 31
30 31
30 31
29 30
28 29
28 29
28 29
27 28
26 27
25 26
25 26
25 26
24 25
23 24
22 23
21 22
21 22
20 21
19 20
18 19
18 19
18 19
18 19
18 19
17 18
17 18
16 17
16 17
16 17
16 17
16 17
15 16
15 16
15 16
14 15
14 15
13 14
12 13
11 12
11 12
10 11
10 11
9 10
8 9
8 9
7 8
7 8
6 7
5 6
5 6
5 6
4 5
3 4
2 3
2 3
1 2
1 2
1 2
1 2
1 3
1 2
1 2
0 1
799 800
799 800
798 799
797 798
797 798
797 798
796 797
795 796
794 795
793 794
793 794
793 794
792 793
792 793
792 793
792 793
792 793
792 793
791 792
791 792
790 791
789 790
788 789
788 789
787 788
786 787
785 786
784 785
983 984
982 983
982 983
981 982
981 982
980 981
979 980
979 980
978 979
977 978
976 977
975 976
974 975
974 975
973 974
973 974
972 973
971 972
971 972
971 972
970 971
969 970
968 969
968 969
967 968
966 967
965 966
965 966
964 965
963 964
963 964
962 963
962 963
962 963
961 962
961 962
961 962
961 962
960 961
960 961
959 960
958 959
958 959
958 959
957 958
956 957
955 956
954 955
953 954
953 954
953 954
953 954
953 954
952 953
951 952
951 952
951 952
950 951
950 951
949 950
948 949
947 948
947 948
947 948
946 947
946 947
946 947
945 946
944 945
944 945
943 944
942 943
942 943
942 943
942 943
941 942
941 942
941 942
940 941
939 940
939 940
939 940
939 940
938 939
938 939
937 938
936 937
935 936
935 936
935 936
934 935
934 935
934 935
933 934
933 934
933 934
932 933
932 933
932 933
932 933
931 932
930 931
930 931
929 930
928 929
927 928
926 927
926 927
926 927
926 927
925 926
925 926
924 925
923 924
923 924
922 923
922 923
922 923
921 922
921 922
920 921
919 920
919 920
918 919
917 918
917 918
917 918
916 917
915 916
915 916
915 916
914 915
914 915
913 914
912 913
912 913
912 913
912 913
912 913
912 913
912 913
912 913
911 912
911 912
910 911
909 910
909 910
909 910
908 909
908 909
907 908
906 907
906 907
906 907
906 907
905 906
904 905
904 905
903 904
903 904
902 903
901 902
900 901
900 901
900 901
900 901
899 900
898 899
898 899
897 898
897 898
897 898
897 898
896 897
896 897
895 896
895 896
895 896
894 895
893 894
892 893
892 893
891 892
891 892
890 891
890 891
890 891
889 890
888 889
888 889
887 888
887 888
887 888
886 887
886 887
886 887
885 886
885 886
885 886
885 886
885 886
884 885
883 884
883 884
882 883
881 882
881 882
880 881
880 881
879 880
878 879
878 879
877 878
876 877
875 876
875 876
875 876
874 875
874 875
874 875
874 875
873 874
873 874
873 874
873 874
873 874
873 874
872 873
871 872
871 872
870 871
869 870
868 869
867 868
866 867
866 867
865 866
864 865
864 865
863 864
863 864
863 864
862 863
862 863
861 862
860 861
860 861
859 860
859 860
859 860
858 859
858 859
857 858
857 858
856 857
855 856
854 855
854 855
854 855
854 855
854 855
854 855
854 855
853 854
852 853
852 853
852 853
852 853
851 852
850 851
849 850
849 850
849 850
848 849
848 849
848 849
848 849
848 849
848 849
848 849
847 848
846 847
846 847
846 847
846 847
845 846
845 846
844 845
843 844
843 844
842 843
841 842
840 841
840 841
839 840
839 840
838 839
837 838
837 838
836 837
835 836
835 836
835 836
835 836
835 836
834 835
834 835
833 834
832 833
831 832
831 832
831 832
831 832
830 831
830 831
830 831
829 830
829 830
829 830
829 830
829 830
829 830
828 829
827 828
826 827
826 827
825 826
824 825
823 824
823 824
822 823
822 823
821 822
820 821
820 821
820 821
820 821
819 820
819 820
819 820
819 820
819 820
819 820
819 820
819 820
818 819
818 819
817 818
817 818
816 817
815 816
814 815
813 814
812 813
811 812
810 811
809 810
808 809
807 808
807 808
169 170
168 169
167 168
167 168
167 168
167 168
166 167
166 167
165 166
164 165
164 165
164 165
163 164
162 163
162 163
161 162
160 161
160 161
159 160
159 160
159 160
159 160
159 160
158 159
157 158
157 158
156 157
155 156
155 156
154 155
153 154
152 153
152 153
152 153
151 152
151 152
150 151
150 151
150 151
150 151
150 151
149 150
148 149
147 148
147 148
147 148
146 147
146 147
145 146
145 146
145 146
145 146
145 146
145 146
144 145
144 145
143 144
142 143
141 142
141 142
141 142
141 142
140 141
139 140
138 139
138 139
137 138
136 137
135 136
135 136
134 135
133 134
132 133
131 132
131 132
131 132
130 131
130 131
129 130
128 129
128 129
127 128
126 127
126 127
125 126
124 125
123 124
122 123
121 122
120 121
120 121
120 121
120 121
119 120
118 119
118 119
117 118
117 118
116 117
115 116
114 115
114 115
114 115
114 115
114 115
114 115
114 115
114 115
113 114
112 113
111 112
110 111
109 110
109 110
109 110
109 110
109 110
108 109
108 109
107 108
106 107
105 106
105 106
105 106
104 105
103 104
102 103
102 103
102 103
101 102
101 102
100 101
99 100
98 99
97 98
97 98
97 98
97 98
97 98
97 98
97 98
97 98
97 98
96 97
96 97
96 97
95 96
95 96
94 95
93 94
93 94
93 94
93 94
93 94
93 94
93 94
92 93
92 93
92 93
92 93
92 93
92 93
92 93
91 92
91 92
91 92
90 91
90 91
89 90
88 89
87 88
86 87
85 86
84 85
83 84
83 84
83 84
83 84
83 84
83 84
82 83
81 82
80 81
79 80
79 80
78 79
77 78
77 78
77 78
76 77
76 77
75 76
75 76
74 75
74 75
73 74
73 74
73 74
72 73
72 73
71 72
71 72
71 72
70 71
70 71
69 70
68 69
68 69
67 68
66 67
66 67
65 66
65 66
64 65
63 64
63 64
62 63
62 63
62 63
61 62
61 62
61 62
61 62
61 62
61 62
60 61
59 60
59 60
59 60
58 59
58 59
57 58
56 57
56 57
55 56
54 55
53 54
52 53
51 52
51 52
50 51
50 51
50 51
49 50
49 50
48 49
47 48
47 48
47 48
46 47
45 46
45 46
45 46
44 45
44 45
43 44
43 44
43 44
43 44
42 43
42 43
42 43
41 42
41 42
41 42
41 42
40 41
39 40
39 40
39 40
38 39
37 38
37 38
36 37
36 37
36 37
34 36
33 34
32 33
32 33
31 32
31 32
31 32
30 31
30 31
29 30
28 29
28 29
28 29
27 28
27 28
26 27
26 27
25 26
25 26
25 26
25 26
25 26
24 25
23 24
22 23
21 22
20 21
19 20
18 19
18 19
17 18
17 18
16 17
15 16
15 16
14 15
13 14
12 13
12 13
11 12
10 11
9 10
8 9
7 8
6 7
5 6
4 7
457 458
456 457
456 457
455 456
455 456
454 455
454 455
454 455
454 455
454 455
453 454
453 454
453 454
453 454
453 454
453 454
453 454
452 453
452 453
452 453
452 453
452 453
451 452
451 452
451 452
450 451
450 451
450 451
450 451
450 451
449 450
448 450
447 448
446 447
446 447
446 447
446 447
445 446
444 445
443 444
442 443
442 443
442 443
442 443
442 443
441 442
440 441
439 440
439 440
438 439
438 439
438 439
438 439
438 439
438 439
438 439
437 438
436 437
435 436
435 436
434 435
434 435
434 435
434 435
434 435
434 435
434 435
434 435
434 435
434 435
433 434
433 434
432 433
432 433
431 432
431 432
431 432
430 431
430 431
430 431
429 430
429 430
428 429
428 429
428 429
428 429
427 428
427 428
426 427
425 426
425 426
425 426
424 425
423 424
423 424
422 423
422 423
422 423
421 422
420 421
419 420
419 420
419 420
419 420
419 420
418 419
418 419
417 418
417 418
417 418
415 417
415 416
414 415
414 415
413 414
412 413
412 413
412 413
411 412
411 412
410 411
410 411
409 410
409 410
408 409
408 409
407 408
407 408
406 407
405 406
404 405
404 405
404 405
404 405
404 405
403 404
403 404
402 403
402 403
402 403
402 403
401 402
400 401
400 401
400 401
399 400
398 399
397 398
397 398
396 397
396 397
396 397
396 397
395 396
395 396
394 395
394 395
393 394
393 394
393 394
393 394
392 393
391 392
391 392
390 391
389 390
389 390
388 389
388 389
387 388
386 387
386 387
386 387
386 387
385 386
385 386
384 385
384 385
383 384
382 383
381 382
380 381
380 381
380 381
380 381
380 381
380 381
380 381
380 381
380 381
379 380
378 379
378 379
378 379
377 378
377 378
376 377
376 377
376 377
376 377
375 376
375 376
374 375
374 375
373 374
372 373
372 373
372 373
371 372
370 371
370 371
370 371
370 371
369 370
368 369
368 369
367 368
366 367
365 366
364 365
364 365
363 364
362 363
362 363
361 362
360 361
360 361
360 361
359 360
358 359
358 359
358 359
357 358
357 358
356 357
355 356
354 355
354 355
354 355
353 354
352 353
351 352
351 352
350 351
349 350
349 350
348 349
348 349
347 348
346 347
345 346
344 345
344 345
344 345
343 344
342 343
342 343
341 342
341 342
341 342
341 342
340 341
340 341
340 341
339 340
338 339
337 338
336 337
336 337
335 336
334 335
333 334
332 333
331 332
330 331
330 331
330 331
329 330
329 330
329 330
328 329
327 328
326 327
325 326
325 326
325 326
325 326
325 326
324 325
323 324
322 323
321 322
320 321
319 320
319 320
318 319
318 319
318 319
317 318
317 318
316 317
315 316
314 315
313 314
312 313
312 313
312 313
312 313
311 312
311 312
781 782
781 782
780 781
780 781
779 780
778 779
778 779
778 779
778 779
778 779
777 778
777 778
777 778
776 777
776 777
775 776
775 776
774 775
774 775
774 775
774 775
774 775
773 774
773 774
773 774
772 773
771 772
771 772
770 771
770 771
770 771
769 770
768 769
767 768
766 767
766 767
766 767
765 766
764 765
763 764
763 764
762 763
761 762
760 761
759 760
759 760
759 760
759 760
758 759
758 759
758 759
757 758
756 757
755 756
755 756
754 755
753 754
753 754
752 753
751 752
751 752
751 752
750 751
749 750
748 749
748 749
747 748
747 748
746 747
745 746
745 746
745 746
744 745
744 745
743 744
743 744
742 743
742 743
742 743
741 742
741 742
740 741
739 740
738 739
737 738
736 737
735 736
735 736
734 735
733 734
732 733
732 733
731 732
730 731
730 731
730 731
730 731
729 730
729 730
728 729
728 729
727 728
726 727
726 727
726 727
726 727
725 726
725 726
725 726
724 725
723 724
722 723
722 723
722 723
722 723
721 722
721 722
720 721
719 720
719 720
719 720
718 719
718 719
717 718
716 717
716 717
715 716
714 715
713 714
713 714
712 713
712 713
711 712
711 712
710 711
710 711
709 710
709 710
709 710
708 709
707 708
706 707
705 706
705 706
705 706
704 705
703 704
702 703
701 702
700 701
700 701
699 700
698 699
697 698
697 698
697 698
697 698
696 697
696 697
695 696
694 695
694 695
693 694
692 693
692 693
691 692
690 691
689 690
689 690
688 689
688 689
687 688
686 687
686 687
686 687
685 686
684 685
683 684
682 683
681 682
681 682
681 682
680 681
680 681
679 680
679 680
678 679
678 679
677 678
676 677
675 676
675 676
675 676
674 675
673 674
673 674
673 674
673 674
672 673
672 673
672 673
672 673
671 672
670 671
669 670
668 669
667 668
667 668
666 667
665 666
665 666
665 666
665 666
665 666
665 666
665 666
664 665
663 664
663 664
662 663
661 662
660 661
659 660
659 660
659 660
658 659
657 658
656 657
655 656
655 656
655 656
654 655
654 655
654 655
654 655
653 654
653 654
653 654
652 653
652 653
652 653
651 652
651 652
650 651
649 650
649 650
648 649
647 648
646 647
645 646
645 646
644 645
643 644
643 644
643 644
642 643
642 643
642 643
642 643
642 643
641 642
641 642
640 641
640 641
639 640
639 640
639 640
638 639
638 639
637 638
637 638
636 637
635 636
635 636
634 635
633 634
633 634
632 633
631 632
631 632
631 632
631 632
630 631
629 630
629 630
629 630
628 629
628 629
628 629
627 628
627 628
626 627
625 626
625 626
624 625
623 624
623 624
623 624
622 623
622 623
622 623
621 622
621 622
620 621
620 621
619 620
618 619
617 618
617 618
617 618
616 617
616 617
616 617
615 616
614 615
614 615
614 615
613 614
610 613
609 610
311 312
311 312
310 311
310 311
310 311
310 311
309 310
309 310
308 309
307 308
306 307
305 306
304 305
303 304
303 304
302 303
302 303
302 303
301 302
301 302
300 301
300 301
299 300
298 299
297 298
297 298
296 297
295 296
294 295
294 295
294 295
294 295
294 295
294 295
293 294
293 294
293 294
293 294
293 294
292 293
291 292
290 291
290 291
289 290
288 289
287 288
287 288
287 288
287 288
287 288
287 288
286 287
285 286
285 286
285 286
285 286
284 285
284 285
283 284
282 283
281 282
280 281
279 280
279 280
279 280
278 279
278 279
277 278
276 277
275 276
275 276
275 276
274 275
274 275
273 274
273 274
273 274
272 273
271 272
271 272
270 271
269 270
269 270
269 270
269 270
269 270
269 270
269 270
268 269
267 268
267 268
266 267
265 266
264 265
263 264
262 263
261 262
260 261
260 261
260 261
259 260
258 259
258 259
258 259
258 259
257 258
256 257
255 256
254 255
253 254
253 254
252 253
252 253
251 252
251 252
251 252
251 252
250 251
249 250
249 250
249 250
248 249
248 249
247 248
247 248
246 247
245 246
244 245
243 244
243 244
242 243
241 242
240 241
239 240
238 239
238 239
238 239
238 239
237 238
236 237
236 237
236 237
236 237
236 237
235 236
234 235
234 235
233 234
232 233
231 232
231 232
231 232
230 231
230 231
229 230
228 229
228 229
227 228
226 227
225 226
224 225
223 224
223 224
222 223
222 223
221 222
221 222
220 221
219 220
219 220
219 220
219 220
219 220
219 220
219 220
219 220
219 220
219 220
218 219
217 218
216 217
215 216
214 215
214 215
214 215
214 215
214 215
213 214
212 213
211 212
211 212
210 211
210 211
209 210
208 209
208 209
208 209
207 208
206 207
206 207
205 206
204 205
204 205
204 205
204 205
203 204
202 203
202 203
202 203
201 202
200 201
199 201
199 200
199 200
199 200
199 200
199 200
198 199
197 198
197 198
196 197
195 196
195 196
194 195
193 194
193 194
192 193
191 192
191 192
191 192
190 191
189 190
189 190
189 190
189 190
188 189
187 188
186 187
186 187
186 187
186 187
185 186
184 185
184 185
183 184
182 183
181 182
181 182
180 181
179 180
179 180
178 179
177 178
177 178
177 178
177 178
176 177
176 177
175 176
174 175
174 175
174 175
173 174
172 173
172 173
172 173
171 172
170 171
169 170
168 169
168 169
167 168
167 168
166 167
166 167
165 166
164 165
164 165
164 165
163 164
162 163
161 162
161 162
161 162
161 162
161 162
160 161
159 160
159 160
158 159
158 159
158 159
157 158
157 158
157 158
157 158
156 157
155 156
155 156
154 155
153 154
153 154
153 154
152 153
151 152
151 152
151 152
150 151
149 150
148 149
147 148
146 147
146 147
146 147
146 147
146 147
146 147
146 147
145 146
144 145
143 144
142 143
141 142
141 142
141 142
140 141
139 140
139 140
139 140
139 140
138 139
138 139
138 139
137 138
136 137
135 136
134 135
134 135
133 134
132 133
132 133
131 132
130 131
129 130
129 130
128 129
128 129
127 128
126 127
125 126
125 126
125 126
124 125
123 124
122 123
122 123
122 123
121 122
121 122
120 121
120 121
119 120
119 120
119 120
118 119
118 119
117 118
117 118
116 117
115 116
114 115
113 114
112 113
111 112
110 111
109 110
109 110
109 110
108 109
108 109
107 108
107 108
107 108
107 108
107 108
106 107
106 107
106 107
106 107
106 107
106 107
105 106
104 105
104 105
104 105
103 104
103 104
103 104
102 103
101 102
101 102
100 101
99 100
99 100
99 100
98 99
97 98
96 97
95 96
95 96
94 95
93 94
93 94
92 93
92 93
91 92
91 92
90 91
90 91
89 90
89 90
88 89
87 88
87 88
86 87
86 87
86 87
85 86
84 85
84 85
84 85
83 84
82 83
82 83
82 83
81 82
81 82
80 81
79 80
79 80
79 80
78 79
77 78
76 77
76 77
76 77
75 76
75 76
75 76
74 75
73 74
73 74
72 73
71 72
70 71
70 71
70 71
70 71
69 70
69 70
69 70
68 69
67 68
67 68
66 67
65 66
65 66
65 66
64 65
63 64
63 64
62 63
61 62
60 61
59 60
59 60
59 60
59 60
59 60
59 60
59 60
58 59
58 59
58 59
58 59
58 59
57 58
56 57
55 56
54 55
53 54
53 54
53 54
53 54
53 54
52 53
51 52
51 52
50 51
50 51
50 51
49 50
49 50
49 50
48 49
47 48
46 47
45 46
45 46
44 45
43 44
43 44
43 44
43 44
43 44
43 44
43 44
43 44
42 43
42 43
41 42
41 42
41 42
41 42
41 42
41 42
40 41
39 40
39 40
38 39
38 39
38 39
37 38
36 37
36 37
35 36
34 35
33 34
33 34
33 34
32 33
32 33
31 32
31 32
30 31
29 30
29 30
29 30
28 29
28 29
28 29
27 28
26 27
26 27
26 27
25 26
24 25
24 25
23 24
22 23
21 22
20 21
19 20
19 20
19 20
18 19
18 19
17 18
17 18
17 18
16 17
16 17
16 17
16 17
16 17
15 16
15 16
14 15
13 14
13 14
13 14
13 14
13 14
13 14
12 13
11 12
11 12
11 12
11 12
10 11
9 10
9 10
9 10
8 9
7 8
7 8
7 8
6 7
6 7
4 8
4 5
3 7
14 16
13 15
10 13
8 13
5 11
0 5
