4582 4406 1546
2902
4099
3403
1948
4545
4478
3116
2354
2351
2826
2050
2519
3462
3764
3007
2509
2797
2385
2631
3734
4335
1670
4157
3910
2514
2512
3190
2075
3927
3574
3274
2459
2642
4202
3863
4239
1901
2526
3090
1949
2155
1818
3340
2882
2812
2844
4051
2384
2461
4264
2854
2294
2634
2561
4544
3079
3590
3223
1864
3306
4188
2472
2434
2065
1809
2948
2343
1946
2185
2955
3119
1689
3218
3637
3433
4278
2904
4063
2452
3849
1988
4178
3345
2041
4271
2094
4413
2163
2089
2406
3543
2828
4033
2326
1588
2564
2225
2014
1884
3716
2580
3708
1957
3742
3170
2278
1742
4497
2006
4211
3343
1963
2650
3942
2296
4119
1823
3109
3101
2002
4430
2862
3725
2727
3712
3895
1985
2234
2754
3057
2804
3391
4521
2643
3976
2090
3915
4321
2963
1620
3705
3212
2396
3103
1941
3786
4212
3025
2515
2223
2618
2120
4309
2496
2594
4116
3494
3410
2442
2290
4339
2755
3936
4192
1938
2692
3853
1854
3357
1585
2969
3553
2299
3673
4403
1654
3688
2563
1570
3375
3205
4052
3168
1624
3380
3004
3308
1778
3525
3554
1643
4537
2616
3766
1679
3415
2341
1647
4226
2394
4343
3738
2026
4336
4519
2605
1702
3821
3207
3138
3404
3659
3652
4443
3851
3778
4182
3435
1929
4340
3042
4337
4488
4074
4041
1758
3534
1662
1970
3141
2585
3864
2110
2194
1682
2784
4423
1937
3774
3551
2893
4025
2323
2952
4314
4127
1947
1646
4224
3083
2258
4187
4231
2962
2778
2668
4447
3236
2508
3074
1597
3398
3347
3233
4191
3540
3632
3897
3605
4449
1656
1926
3964
4512
2638
2141
2581
2920
2919
4124
2813
2310
1771
2401
2535
1760
3099
3837
4561
2841
1992
1911
2007
2295
3465
2476
1629
2260
3920
1637
2806
2764
3108
3442
1673
2190
4081
4367
3023
2973
3648
2001
4354
3700
3194
1802
2063
2449
1717
1613
3756
3804
3325
2884
2192
4109
2737
1714
4122
3989
2669
2588
4357
1761
3879
1913
4296
2852
1692
3668
1877
3222
3361
2103
3523
4458
4250
3180
3741
2511
3093
4572
1923
1902
4077
3298
2212
1850
2086
3155
2101
3397
4066
3532
2390
3477
2012
4140
2055
2066
2865
4173
2768
4581
3704
1928
3360
2355
2488
2617
3914
3645
3050
3082
2985
2045
2497
1556
3271
1572
1834
2431
2029
4396
4382
1763
2475
2229
1663
2405
2551
1796
4552
2758
4504
3684
1815
4019
4156
3396
4289
3839
1924
3535
3408
1785
2897
1713
1769
2655
2546
2049
4151
4103
3426
1868
2879
3787
2158
2997
3954
2724
2381
3224
1976
2607
1609
3608
3372
3277
1693
4290
3904
1855
3921
2239
3123
2701
3852
3216
2974
2456
3997
3301
1601
3145
2983
4035
4096
3068
3294
3136
3413
3409
4049
2858
1919
3781
2353
2640
3267
3714
4058
4169
2281
4433
2883
4011
4038
3206
1875
2678
3707
1918
3998
4106
2191
4091
2761
3810
4112
3945
3979
2504
3006
2367
2313
1972
4018
4189
4530
1710
2847
2368
4166
3702
3683
2392
1577
3770
2867
1836
3620
4441
4069
2480
3539
3963
3626
2422
2906
3830
3010
1583
4145
3046
1574
2924
2981
2471
2711
3561
2992
2554
2876
2693
1795
4073
1567
2799
1994
2788
2286
2201
1955
3383
2530
4485
3869
2200
3320
2706
2627
1770
1650
3758
2177
2273
1820
2744
4534
1797
2165
3248
3319
2565
1930
3975
1876
3020
3651
2031
1952
4548
3694
3469
1899
3374
3437
2356
2073
2306
4240
3526
3030
2745
2034
2677
2682
4249
3115
2393
3078
2039
4473
4406
3536
3759
2171
3422
3178
2298
2198
3575
1984
2181
4295
1780
3653
2210
1826
2214
1971
3866
2687
3037
2651
1908
3513
1839
2719
4303
2589
2855
1618
4490
4021
3961
3014
4540
2462
2195
4402
3317
2440
2559
3886
2291
4347
4457
1627
2807
1557
1736
3002
1628
2408
4389
4331
2098
1721
3243
3087
1825
2067
2061
3706
3018
3878
2474
3051
2747
3926
4086
1983
3582
3107
4409
2911
2033
1896
2685
4300
4381
3144
3416
4259
1683
2614
3520
2912
3405
2790
1718
2307
2872
3026
3432
2570
2018
1833
4176
2202
2863
3743
1661
2993
3682
3048
3402
1615
2803
1991
2170
1979
2151
3977
1920
2114
2245
3875
1625
2875
3545
3547
1619
3160
1548
3791
1863
3844
2604
2172
2652
2325
2016
4100
3421
2399
2051
4123
4358
3784
4265
2647
2359
3304
1671
4120
3548
1651
3731
4428
4283
2038
3070
4003
2318
2609
1895
4284
2569
1798
2121
3244
3771
3788
3718
3888
1668
2371
3459
4439
2717
2370
3230
1781
4562
2663
2871
2538
2173
3382
2106
3346
2040
3984
4563
4093
2960
2891
2255
4366
2048
4344
4219
4393
4324
2659
3073
3326
3792
4245
4059
2445
1698
2606
2404
2375
3121
4386
2612
2938
3169
3564
3355
2556
4039
2362
2913
1732
3828
2176
2936
2915
1858
3264
1725
2817
4415
3905
797
30
613
1123
1402
162
834
332
105
460
448
1180
343
1436
520
325
409
849
275
832
511
601
766
336
1302
10
1065
1455
250
1012
1062
122
1096
496
743
827
195
1151
1221
1131
1496
1482
589
290
883
843
1132
22
1472
186
1521
658
134
638
392
542
1513
1073
28
1239
490
423
49
699
1278
1111
20
299
701
1109
353
1059
950
622
980
537
287
371
40
354
1141
488
1074
706
98
9
925
255
389
691
1223
645
1137
779
695
731
1358
303
923
414
515
316
1027
0
1128
1170
1395
159
1344
31
885
562
1517
494
357
979
100
720
838
754
370
1261
1156
91
443
44
1433
1397
265
914
805
548
1080
1307
697
774
428
1129
1200
608
741
486
921
817
524
1276
1263
172
65
996
556
1241
759
21
655
422
412
1001
1371
337
419
453
659
1138
919
540
1026
864
944
1209
575
157
917
1060
623
50
397
474
870
781
646
181
274
676
875
461
1534
351
1003
1379
467
1256
800
211
1066
1430
1394
1082
793
395
491
1005
1540
7
239
1527
56
662
778
920
1184
566
113
1146
802
225
1018
1471
1229
1039
1329
957
25
358
1288
6
273
251
852
319
147
452
1254
572
790
982
851
967
340
305
272
262
1412
612
197
1144
485
1504
900
126
36
713
1118
1366
909
707
1237
233
667
1349
968
39
1084
92
1234
1331
539
97
641
362
1
1378
1362
1259
1321
14
1100
372
445
1541
1083
1094
379
1133
554
1305
63
1449
717
640
1280
1040
241
16
144
1361
109
152
286
1232
966
1461
1101
1381
207
1098
1314
477
761
344
725
309
507
62
547
382
1493
455
1310
476
114
1369
746
1460
792
686
1130
177
1311
506
1106
1158
891
1183
546
614
1230
899
136
378
1090
1474
847
418
1353
512
1044
861
1077
228
427
1348
632
160
509
138
946
1427
1309
1528
339
927
897
1112
1189
1411
1475
978
1354
590
1277
132
1030
1343
407
1009
1392
1336
1117
563
263
915
1031
1054
363
934
1530
1042
1514
1452
521
683
1078
1038
1245
502
466
969
1387
23
882
621
913
1243
499
693
15
664
483
1171
142
469
700
388
1164
998
1197
26
1446
1153
935
1408
1323
1282
528
533
821
237
1072
653
1092
1525
803
35
254
879
1470
1176
187
5
1041
256
285
1315
472
813
758
719
86
1217
1022
356
224
324
748
1380
154
831
148
1220
988
1218
936
457
896
798
958
503
1334
87
1490
246
595
1351
165
1488
1124
120
107
1235
137
1384
146
526
1064
454
94
598
809
687
1419
1238
43
322
698
424
516
386
661
1219
981
1422
970
1275
723
185
1097
1426
1399
1293
712
1500
1332
60
1429
545
814
458
257
1491
1249
1121
374
1359
29
440
150
104
253
1337
1483
652
1342
1178
1075
1485
277
201
1301
267
259
1448
615
740
947
808
312
416
959
584
1494
1341
220
123
1467
1015
1506
789
304
1157
874
993
1481
183
482
848
794
151
564
610
729
567
596
714
258
555
1368
1416
489
922
415
841
130
398
1502
347
1186
1298
1509
898
190
1061
18
139
586
681
1086
69
410
500
574
1388
1204
292
806
1046
1208
704
77
532
471
1099
1400
375
1173
102
1023
842
675
765
786
408
580
390
1257
901
772
61
413
728
702
112
96
1058
573
179
67
53
588
368
654
284
1194
1093
1386
1487
1383
829
650
266
484
168
1147
738
1036
1324
1244
191
1169
11
1226
301
215
1248
129
170
844
310
1325
426
709
1116
383
1401
605
1286
204
156
438
1211
912
1162
283
52
1290
352
943
889
985
1382
1414
895
672
108
1262
624
1196
1134
690
19
785
1300
873
871
1019
560
902
1294
1524
420
1442
905
1417
359
952
508
1053
48
203
1428
1492
1165
214
1076
492
1142
1479
226
384
984
47
736
1270
447
868
1246
684
326
721
739
1070
1103
1125
1028
1328
238
1240
327
271
175
904
1284
1447
437
311
670
1091
178
103
84
365
558
1322
857
334
1201
877
647
430
205
338
68
665
71
815
616
986
481
1212
333
235
1462
926
74
931
597
1431
8
651
435
1531
666
801
433
473
1185
1533
633
1145
1283
872
1016
987
1025
971
45
495
135
1423
446
1017
863
1390
1501
1216
1174
366
82
975
1477
705
3
1068
169
599
1515
751
1150
300
101
479
1347
858
812
1317
1191
1391
910
1000
394
660
1161
171
977
54
718
244
1013
278
4139
2153
1743
2436
4317
2417
1553
2358
2593
3058
4174
2288
4371
1804
3598
3719
1903
1821
4511
2429
1709
3625
4272
4134
4341
1782
1751
3993
1547
3436
4159
4258
2709
4351
4448
1787
2466
3873
2297
2590
3555
2736
2107
2966
3592
1745
3943
4030
4407
4385
4580
1697
3762
4015
3807
4113
3358
3603
4455
1980
2866
3803
2944
3321
2502
2419
3338
2723
2965
4128
3456
3602
3182
2823
4232
4238
1638
3307
4313
4141
3809
2990
2388
2666
2333
4579
2275
2267
2660
1594
2467
1674
4185
3823
1746
2209
3417
2629
3709
4469
2695
3482
3333
3533
3932
2923
4280
3322
3937
2885
1961
3848
2833
1830
2482
4275
3739
3499
1900
4442
2731
1851
2544
3760
3466
2713
2928
3021
1817
3799
4175
4330
2197
2986
4206
3191
2752
3066
4292
3387
2800
4370
1664
3318
2984
4533
2230
3302
3137
2485
2369
1642
4523
2610
2771
3290
3289
2380
2819
1578
1738
2439
3167
2243
4251
3471
4471
3816
3406
3450
1775
1954
3761
2352
3157
3005
1691
2074
4520
4117
3793
3670
4118
1684
4509
2465
1616
1885
3842
4391
4532
2898
4319
1690
3288
4555
3293
4057
3029
3860
3755
2104
3919
3420
2848
2364
4495
4539
3352
3572
3899
1634
4500
3423
3209
4014
4440
2523
1847
2824
1943
3022
4143
2931
4148
2348
2023
4261
1584
3881
4199
3279
2941
1730
3478
3166
2240
1626
4268
2810
2927
3072
3428
4568
4097
2221
2980
1990
3955
2283
2265
2600
2602
3713
3431
4223
3161
2044
1744
3049
3546
2376
4475
1757
2117
2464
3105
2293
4489
4531
3430
1871
2047
2091
2860
2246
3032
3064
2136
4209
2169
3827
3974
2418
2550
3711
1935
1657
2019
2501
4213
2592
4084
2024
3541
2738
2914
3750
2081
1621
1882
2184
4008
2613
3690
4400
1869
4547
3129
3353
2506
3616
2809
2639
2493
1779
3250
2533
3854
2896
3763
3623
3621
2587
1591
4255
2820
2309
2698
2562
4029
3367
3259
2626
3174
1644
3802
3120
4348
3052
2216
2446
2088
3732
2078
4483
3276
1960
2457
3114
3972
4574
1665
4155
2831
3887
4288
3558
3549
3483
2801
2503
2873
1640
3950
3902
1741
1873
1846
3925
3253
1765
3934
3401
1549
2749
3994
2608
4217
2641
3512
3938
1678
3687
3857
2335
3516
4027
1872
2022
3130
1719
3696
1660
4322
2934
4234
3765
3556
1848
2798
2733
3379
3464
1784
4570
3285
3065
1981
2004
4147
3737
3768
3956
4575
1880
2468
4452
3630
3359
1701
2566
2555
3835
2664
2231
4446
3661
2907
2005
3569
2269
4207
2143
2178
4131
4158
3148
4325
1932
3281
2832
3826
4518
2905
2334
2345
3967
3228
2407
3013
4184
1840
2935
2909
3951
3238
2705
2878
2058
3789
2697
3500
3552
3055
3865
3139
3324
3373
3198
2957
4560
2648
4411
2880
3220
2887
2762
2842
4203
4135
4350
2311
1973
4196
2729
2838
4567
2118
2009
2953
2349
4525
4546
3992
3043
4286
3122
2839
3797
3898
4228
2524
2573
3909
4499
1917
3657
2175
3366
3149
2453
4031
2146
1814
4009
3720
4098
2507
3126
1962
2676
3211
3425
3586
3195
4198
2164
3202
1603
4062
2126
1921
2425
4332
3896
2987
2316
1681
3656
2520
2537
3929
4022
2365
2890
3986
3773
3985
1700
2500
4522
2971
1862
3667
3527
4543
3990
4034
2020
3186
2154
4111
4437
3210
3514
1909
3470
4394
2013
2105
2834
3008
3270
3941
2100
3176
3538
3931
4045
3643
2688
3794
4276
3381
3655
3429
4451
2076
2850
2159
4227
3721
2988
2319
3131
1842
3850
4266
3969
4017
1729
3609
2922
2712
1737
2451
1774
2767
2720
2125
4470
3728
2646
2802
3489
4323
2374
3638
3091
3303
3100
4445
2236
1580
2068
3128
1605
2644
2656
3468
3159
4480
2084
3407
2284
1750
2899
2572
2791
2162
2487
4558
4291
2579
2921
4267
3671
2540
1723
1786
3362
2649
3606
4304
1708
3146
3113
2718
1636
2252
2447
4508
3585
4285
1555
4208
2728
2166
2870
3451
3515
3594
2070
3917
1705
2301
4104
3342
3631
3181
3019
2463
4542
4493
1720
2308
3633
3576
3311
2484
3394
4526
4327
3824
4136
1800
1688
1986
2129
2140
2577
3825
3328
4190
2142
3495
4210
3177
1890
1659
3011
2134
2999
4094
3697
3753
1726
1704
4297
2930
2670
2262
2188
2571
1735
4418
2042
1575
4010
3449
3834
3639
2238
2603
3454
3229
2272
1739
2951
3080
2363
1571
3634
2781
4273
3560
3453
2671
3041
4310
2025
3151
2228
3808
1835
1910
3038
2528
2774
3971
3831
4076
3815
2534
4044
3117
3717
2320
4383
4068
1753
3924
3389
1945
2261
4417
4477
2766
1805
2635
4016
2372
2622
4247
4216
3940
3699
2783
4242
3833
3411
2427
2673
1940
2777
3930
3458
2811
4023
4454
1748
2785
3172
3498
3173
3323
3504
1822
1905
3846
2557
1996
2095
2794
3491
3300
1676
3772
4075
3054
3890
3102
2080
1600
3819
4312
3785
2274
3351
2257
4186
3392
3377
1645
2529
3240
4549
1767
2956
2495
1610
2892
1897
2161
3118
3557
4083
3509
4353
1813
2517
2861
1632
4316
1801
2916
3331
3953
3467
2491
3968
2796
2541
3748
3858
4459
2751
3518
2337
1841
4373
2982
1852
3263
2730
2525
3559
2859
4380
2111
2654
2072
2336
2895
3876
1551
3158
4048
4352
4085
2227
4466
4167
3183
4360
2167
3562
3390
2633
3204
4484
2760
4421
2972
2199
2696
2653
2954
4551
4431
4230
4078
3371
4338
3314
3171
3033
2689
1964
4359
2206
4397
3856
2207
3284
3378
3297
2776
3679
1655
4577
1788
2601
3795
3542
3369
3740
3247
3800
3610
2553
3140
3636
3162
1756
1894
3275
2426
3472
2578
2244
3446
3134
4263
3841
3200
3027
4541
2597
3365
4144
2116
4438
3965
3958
3488
3412
4514
3692
3260
2490
3246
3077
2996
4565
3280
4468
4362
2943
1764
3577
2684
2053
3299
1982
4395
1565
3487
3593
3249
2413
4578
4298
3776
3573
4456
3676
2700
3649
3970
2763
3438
2123
4557
3982
4503
1633
3265
3349
3906
1724
3214
2918
4369
3384
3163
3678
2411
4102
2473
2332
4472
4149
4071
1602
4246
4256
4252
4270
4095
3460
3455
4392
3578
1927
2787
1768
2469
4326
3278
4132
2994
2483
3885
2599
3612
2619
2939
4177
3242
3085
3894
2046
2492
3086
3693
2400
3069
2837
4235
2430
2851
2010
3882
4299
2395
2270
1967
3015
2961
4464
2057
3522
1586
2925
4405
2567
2179
1772
1974
2741
3872
4334
2382
3424
2043
4088
3044
2432
1722
1666
4005
1035
1443
933
799
478
402
1363
643
1444
828
1269
81
307
313
703
1029
302
66
1522
41
531
625
908
543
111
668
611
819
1207
1327
1333
411
835
208
677
826
938
890
818
1453
730
291
33
182
992
193
1511
747
1468
1403
529
1370
1319
1352
293
918
331
24
173
1007
859
1143
456
1034
1110
1002
561
1020
1473
744
1385
189
431
321
451
530
1532
708
523
630
295
1346
13
727
587
734
1375
635
634
1032
833
866
459
442
1051
1291
1190
475
1376
12
1203
227
649
1231
602
916
348
1339
166
951
1228
1224
1255
983
617
1250
505
1421
888
1045
1425
199
948
538
973
1535
1439
755
942
1247
198
1120
1210
711
497
876
1542
245
1063
929
155
400
202
682
1160
196
329
1480
1037
1140
894
972
1088
1135
64
194
1418
544
1340
349
932
924
715
1544
1486
396
281
176
158
439
648
1373
219
692
1214
582
1155
1318
1308
1396
1326
1356
1052
1273
592
380
1260
1398
940
824
830
323
1545
732
639
1355
964
381
1434
143
1367
1313
1166
1393
247
1304
296
822
1242
1374
991
118
753
218
1440
276
1258
498
995
1251
1206
953
581
27
115
733
1274
619
762
694
1465
1489
270
282
892
1543
1122
845
945
119
678
550
280
73
837
1407
811
594
212
57
421
836
429
404
1195
631
1441
1459
51
1127
317
1021
417
1102
1152
600
1202
1172
125
1538
517
763
234
893
565
1432
963
184
434
881
369
1085
551
4
865
644
55
768
804
671
1010
853
609
320
527
552
70
593
907
742
504
328
783
1495
585
1033
1104
463
315
106
1303
1175
656
200
1272
38
1505
318
1345
1266
330
1316
571
568
1067
1292
1296
557
756
880
231
1519
79
462
1114
1445
470
1437
1268
749
965
140
441
1520
360
1420
480
939
222
954
534
535
216
1450
128
1024
956
240
1043
1438
941
209
444
1177
260
860
78
161
1435
825
673
583
464
252
1236
1149
261
174
795
810
1199
1526
775
1451
306
855
236
578
906
1281
361
1464
1215
289
1413
1265
1365
487
387
2
1050
636
1510
989
726
777
911
465
1108
788
58
367
1338
1264
1126
1154
72
990
391
816
760
223
1289
884
1193
1187
1087
1306
541
887
976
153
85
637
1499
145
399
960
1512
1136
403
1415
603
124
1253
1457
937
1081
141
127
776
657
167
1198
385
1537
1006
425
373
689
1516
618
1406
962
674
1188
642
850
192
519
121
1476
1089
1056
346
716
1113
1287
116
685
221
99
791
886
314
1377
1539
1048
1508
1182
1297
149
213
294
17
669
955
88
377
1410
903
679
867
341
1454
335
1225
628
376
1279
432
840
737
342
770
1271
606
604
773
620
401
518
579
1163
1222
297
350
232
1168
1364
735
629
663
928
1014
1095
345
1159
1498
1320
110
1049
787
32
1518
1389
525
680
553
46
1115
164
869
1357
1267
696
80
93
230
1227
269
1458
1478
784
522
1469
1299
248
974
570
1079
724
493
1409
745
949
536
839
1071
757
1295
1466
514
1055
688
1105
1179
163
449
229
1192
268
95
1252
1463
279
308
75
1456
243
1167
1011
501
1372
767
569
1148
288
1497
242
1424
468
752
133
1523
188
249
34
1330
210
591
393
854
59
406
607
90
1484
131
769
1047
856
513
994
1405
1404
76
1536
862
217
1360
999
878
796
450
1139
961
1312
1004
1057
1233
1008
83
997
436
1529
771
576
549
1213
577
846
1503
1119
710
405
264
1285
807
89
1181
764
823
722
510
42
782
298
626
37
559
1507
1107
780
820
364
627
1335
206
1350
355
1205
180
930
750
1069
117
3529
3893
2189
3672
1811
2900
4573
3215
3583
4194
4274
4486
1630
4082
2069
3973
4152
1898
2247
2583
2769
4479
4384
2699
1658
2327
1727
1592
2324
2150
1573
2510
1667
2625
3654
1587
3995
2130
2908
2734
3999
2479
3457
1965
2350
2008
4007
2340
3754
3485
3674
2137
3604
4067
4569
3650
3550
4342
2743
3883
2611
2770
1904
3874
3282
3613
3812
1604
2259
2213
3618
3960
3884
2416
1639
4161
2391
3256
2903
2346
2062
3106
3175
2486
4233
3818
4080
4281
4375
3147
1792
1829
2148
2112
1783
4205
3219
4435
3871
4463
4346
3104
1711
4329
4253
2233
2539
2455
4529
2877
2092
2937
2085
3911
4377
3305
1950
4054
3601
2947
3098
2032
1906
4162
3255
2183
3237
2531
2864
2087
2910
1968
2478
1886
2036
4496
2881
4229
2742
2967
1560
2186
2373
3096
1703
2805
2975
2433
2756
2443
1568
4494
4498
3681
3736
3996
3798
2460
4528
4566
3813
3266
2746
3836
2615
3452
2217
3400
2410
2021
2735
2077
3028
3629
3241
3589
3635
2160
3723
2818
2714
2119
4133
3859
3903
3780
2690
2156
4416
3024
2846
3089
3076
1966
3332
3445
3184
3327
2707
3272
4053
2868
2547
3662
2056
1641
4462
2253
3257
2481
4387
2704
3587
4376
1653
3192
3665
1790
2645
3658
3644
4108
1559
1891
3640
2437
3239
3530
2428
3364
2224
1599
2636
1889
2518
2840
3309
3348
4154
3607
2222
3628
3840
2438
2444
3395
3295
2932
4374
4061
3296
1989
4225
1958
3506
2584
3675
1652
1752
4087
3231
2264
3980
3715
4126
3060
2263
3059
4193
1933
2377
3312
3511
2821
2071
2292
3838
2886
2691
2280
1887
1843
1631
3110
3627
3196
3040
3081
2027
3733
1936
2304
3987
3820
2702
2869
3444
4006
3744
2843
2338
1777
4399
2765
4153
2347
3386
2289
1883
2827
2147
4204
4060
1789
4254
2748
2003
1608
1977
3336
3036
4277
2248
2628
3053
3199
4172
4436
1999
3473
1595
3832
3752
3877
3779
3370
3880
2108
1716
2621
1622
3062
3918
3474
3334
4237
4026
1812
1810
4506
2379
4047
3262
2361
3680
3344
2302
1754
4318
3735
2968
2849
3829
2582
2157
2505
3418
2470
3135
4146
3870
1596
3783
2339
1649
4032
3143
2940
4507
3935
3427
4125
2357
4179
2011
1853
2054
4390
3811
2303
3227
3599
3622
2591
4037
1696
4090
3434
3867
4287
2995
3567
3722
2132
2536
1824
2064
4302
3695
2494
4365
3329
2773
3335
2128
3566
4432
3094
2331
2279
2282
4361
4482
4002
3726
3922
3268
3664
1614
3254
4241
3957
4476
1635
2825
3817
3698
1849
2521
4412
3581
3944
2133
4527
1707
3537
4414
4105
3570
1740
3889
4410
2037
3012
2721
2998
3047
2661
2168
4055
4214
2624
1611
3003
4429
2683
2822
4279
4164
3946
2028
2096
1874
2532
2115
3747
2970
1975
1865
3463
3757
1912
3164
3614
3615
2030
2124
1648
4248
3045
2287
1951
1728
1562
4293
2398
4257
2596
3486
2522
2816
2232
2015
4107
4450
3497
2441
2215
3981
2674
1712
2929
2780
1995
3617
3524
2328
4553
4408
4481
3283
3201
1845
2182
2708
4170
1827
2942
2830
1731
2710
2857
4115
4372
3729
3913
2792
3287
2959
1581
4556
4355
4559
1794
1749
2815
1857
3949
3414
3234
2211
2409
1856
3501
3492
1791
3193
2174
4453
2317
3939
2513
1807
3646
3912
3252
4138
3916
3092
4364
3908
1695
3900
2989
2193
3354
2402
4388
3600
2853
3226
4345
1563
3531
4013
3208
1944
3197
3978
2266
2874
2836
3291
2786
3521
3988
2694
3245
3666
3966
3125
2558
3959
2414
3443
4218
4307
4349
3084
2672
2489
2637
4425
3507
3124
2568
3061
3745
2759
4379
1564
2946
4305
3156
2360
3588
2772
1773
1870
3017
2753
2000
4130
4501
1759
4308
3843
4200
3009
1706
2276
3806
4356
4142
2964
3751
2667
1566
3517
3440
2241
2256
1734
3805
2958
2412
2657
2099
2344
2548
2516
2415
2856
4262
2740
4424
3016
4168
4163
4150
3286
4426
2991
3479
2383
1892
1907
2149
3399
3868
3056
4301
1925
4550
1623
2477
1793
4524
3642
2549
4129
2145
2203
3127
3189
4554
3187
3339
2387
3388
2739
1598
3563
4320
3350
2630
2122
4434
1959
2979
2342
3686
3775
1934
2658
3035
1606
3368
4001
2017
3000
3203
2933
1866
2576
4092
2575
2314
3185
4306
2681
3647
1953
2732
3316
1747
2180
2977
3273
2235
3962
4461
4422
1916
2574
4487
4404
2623
3480
2389
4079
2757
1861
1808
3439
2976
3496
3150
3861
4505
3689
2779
1939
4444
1888
1922
3855
3663
3165
4333
4419
1816
4243
3063
3641
4042
1755
2595
2814
3947
3258
3095
1978
2131
4072
4467
4024
4492
2680
1997
2808
1819
2330
4517
3261
2586
2152
2082
3475
3591
2305
2499
2926
4180
3039
4220
3892
3217
1561
1956
2093
4510
4328
2397
4070
2424
3983
3075
1859
4398
3923
3584
1579
2552
3685
3845
2254
2249
2662
2725
1617
4515
2675
3901
3746
2789
2454
4050
2366
2237
3710
2285
3703
4183
4535
4114
3597
2450
2782
1832
1878
2268
2138
1612
2829
3669
3660
1860
4221
4160
3363
2716
3188
4028
2665
2220
1915
3952
3310
2250
4363
3232
3481
2750
2917
3071
2312
4368
3777
1694
2109
3490
4460
1803
4260
4269
3724
4516
1969
4101
1766
3862
2950
2632
2277
1879
2386
3519
2686
3907
2226
4165
3769
2835
4502
3269
3767
2435
1799
2135
1607
4536
4110
2329
4244
2035
2204
3933
2889
4576
1576
4197
2420
4236
2060
1844
3727
3313
3619
3153
1987
3991
2458
2097
2271
1831
1686
4571
2793
3385
2219
2315
4064
2448
1931
4201
1837
4474
1806
3528
3441
2403
3701
4401
4513
2945
2888
3034
2423
2598
4294
1699
3448
3476
3088
1680
3235
2205
4043
2722
3067
4282
3568
3341
1942
1993
2079
1590
4046
3132
4004
1550
1914
4056
3419
1828
3133
4378
1776
3001
1687
3502
3677
2102
2144
2545
3948
3822
3928
2715
2775
2242
2726
4137
1675
3847
4311
3565
1733
3595
3447
3461
1715
2542
2703
4020
3356
3579
3505
2560
3493
3749
1558
2527
4427
2620
4000
3111
3796
2196
2679
1685
2795
4491
3154
2978
3031
2421
2139
2543
3790
3330
1672
3801
1554
2300
1881
4215
3571
3508
3112
2052
3376
3503
3691
2949
2127
4012
2894
3814
2187
4036
4420
3596
3292
3611
1593
3782
3225
2498
1893
1669
3097
1762
2901
4538
3213
4065
3251
1998
3510
2251
4195
1552
3337
2083
3544
2113
3393
3142
2218
4564
1867
3624
2059
4315
3315
2322
3179
1677
4222
2208
1838
1569
2845
4121
3152
3484
1589
4181
4040
2321
1582
3891
3221
2378
4089
3580
4171
3730
4465
4420 4421
45 47
4404 4405
4499 4500
81 82
4451 4452
1195 1196
1195 1196
4531 4532
4461 4462
4371 4373
4210 4211
4380 4381
4307 4308
4540 4541
4472 4473
4472 4473
25 26
4250 4251
4249 4250
4483 4484
4224 4225
4455 4456
4228 4229
4306 4308
4274 4275
5 6
4 5
4357 4359
4444 4446
4232 4233
79 80
4383 4385
4224 4225
57 58
4426 4427
76 78
4311 4312
4452 4454
4306 4308
0 2
4362 4363
1186 1187
1185 1186
4228 4229
4440 4443
4440 4443
4428 4429
4428 4429
4427 4428
14 15
13 14
12 13
6 8
4412 4413
4449 4450
4448 4449
11 12
10 11
4490 4491
4393 4394
4339 4340
69 70
4358 4359
4402 4403
4410 4411
4410 4411
4214 4216
4202 4203
4314 4315
4321 4322
48 49
4490 4491
4490 4491
4489 4490
4317 4318
4310 4312
4208 4209
4344 4345
4235 4236
4385 4386
4385 4386
4385 4386
4385 4386
22 23
4423 4424
4464 4465
3071 3072
3070 3071
3069 3070
3068 3069
1453 1454
4300 4301
4468 4469
4468 4469
38 39
37 38
36 37
4354 4355
4330 4331
4318 4319
4317 4318
4317 4319
4430 4431
4429 4430
4429 4431
4323 4324
4220 4222
4224 4226
4266 4267
4265 4266
4264 4265
4215 4216
4266 4268
4343 4344
4345 4346
4400 4401
4420 4422
33 34
4322 4323
4341 4342
4248 4249
4311 4312
43 44
43 45
4185 4186
28 29
4386 4387
4386 4387
4385 4388
40 42
4333 4334
4333 4335
4383 4384
4303 4305
4384 4385
4398 4400
4255 4256
4254 4255
4201 4202
4200 4202
4217 4218
3057 3058
3056 3057
4238 4239
4236 4237
4332 4333
4221 4222
4220 4221
4220 4221
4219 4220
4247 4248
4354 4356
4354 4355
4204 4205
4202 4204
4202 4206
4248 4249
4321 4323
4243 4245
4273 4274
4342 4343
4342 4343
4341 4342
1164 1165
1163 1164
1162 1163
1162 1163
4225 4227
4223 4225
4300 4301
43 44
4216 4219
4248 4250
4247 4248
48 52
4200 4201
16 17
9 10
4274 4275
4223 4224
4274 4275
4273 4274
4273 4275
4225 4228
4224 4226
4224 4225
4230 4231
4228 4230
4226 4229
4253 4254
4252 4253
4251 4254
4250 4253
4250 4251
34 35
4307 4308
4307 4309
4306 4308
12 14
11 12
4169 4170
4169 4170
20 21
20 21
20 21
4292 4293
4292 4294
4291 4292
33 35
32 34
32 33
31 33
30 34
4181 4183
4181 4183
4280 4282
7 8
6 7
2 6
4230 4232
4228 4230
8 9
8 10
4210 4213
4210 4213
4200 4201
4198 4200
4196 4199
4195 4197
4194 4196
4225 4226
4160 4161
4159 4160
4159 4161
4157 4159
1404 1405
4152 4153
4150 4153
4150 4151
4220 4221
4219 4220
4165 4168
4223 4224
4152 4154
4215 4217
4214 4215
4211 4214
4210 4211
4207 4210
4185 4187
1128 1129
1128 1129
1127 1128
1127 1128
1126 1127
1125 1126
1124 1125
1124 1125
1123 1124
1122 1123
1122 1123
1122 1123
1122 1123
1122 1123
1121 1122
1120 1121
1119 1120
1119 1120
1118 1119
1117 1118
1116 1117
1115 1116
1115 1116
1115 1116
1114 1115
1113 1114
1113 1114
1112 1113
1111 1112
1111 1112
2986 2987
2985 2986
2985 2986
2984 2985
2983 2984
2983 2984
2983 2984
2983 2984
2983 2984
2983 2984
2982 2983
2982 2983
2981 2982
2981 2982
2981 2982
2981 2982
2980 2981
2980 2981
2979 2980
4121 4123
4121 4122
4119 4121
4118 4122
4115 4118
4111 4112
1373 1374
1372 1373
1371 1372
1370 1371
1370 1371
1370 1371
1370 1371
1370 1371
1370 1371
1369 1370
1369 1370
1369 1370
1369 1370
1368 1369
1368 1369
1367 1368
1367 1368
1366 1367
1365 1366
1364 1365
1363 1364
1362 1363
1362 1363
1361 1362
1360 1361
1359 1360
1358 1359
1358 1359
1358 1359
1358 1359
1357 1358
1357 1358
1356 1357
1356 1357
1355 1356
1355 1356
6 7
4067 4068
4065 4069
4052 4053
4051 4054
4051 4053
4050 4052
4047 4051
4048 4051
4048 4050
1353 1354
1352 1353
1351 1352
1350 1351
1349 1350
1349 1350
1349 1350
1349 1350
1348 1349
1347 1348
1346 1347
1346 1347
1345 1346
1345 1346
1344 1345
1343 1344
1342 1343
1341 1342
1341 1342
1340 1341
1339 1340
1338 1339
1338 1339
1338 1339
1337 1338
1336 1337
1336 1337
1336 1337
1336 1337
1335 1336
1334 1335
1333 1334
1333 1334
1332 1333
1332 1333
1331 1332
1331 1332
1330 1331
1329 1330
1329 1330
1328 1329
1327 1328
1327 1328
1327 1328
1327 1328
1327 1328
1326 1327
1325 1326
1324 1325
1324 1325
1323 1324
1323 1324
1323 1324
1323 1324
1323 1324
1322 1323
1322 1323
1322 1323
1322 1323
1322 1323
1321 1322
1320 1321
1319 1320
1319 1320
1319 1320
1319 1320
1318 1319
1317 1318
1317 1318
1317 1318
1316 1317
1316 1317
1315 1316
1314 1315
1313 1314
1312 1313
1311 1312
1311 1312
1311 1312
1311 1312
1310 1311
1309 1310
1308 1309
1308 1309
1307 1308
1306 1307
1306 1307
1306 1307
1306 1307
1305 1306
1305 1306
1305 1306
1305 1306
1305 1306
1304 1305
1304 1305
1304 1305
1304 1305
1303 1304
1302 1303
1301 1302
1301 1302
1301 1302
1301 1302
1301 1302
1301 1302
1301 1302
1301 1302
1301 1302
1301 1302
1300 1301
1300 1301
1299 1300
1298 1299
3967 3968
3965 3967
3964 3965
3959 3965
1109 1110
1109 1110
1108 1109
1107 1108
1107 1108
1107 1108
1107 1108
1107 1108
1107 1108
1107 1108
1106 1107
1106 1107
3963 3966
3963 3964
3962 3966
2816 2817
2816 2817
2816 2817
2816 2817
2815 2816
2815 2816
2815 2816
2815 2816
2814 2815
2813 2814
2813 2814
2813 2814
2813 2814
2813 2814
2813 2814
2813 2814
2813 2814
2812 2813
2811 2812
2811 2812
2810 2811
2810 2811
2809 2810
2808 2809
2808 2809
2808 2809
2807 2808
2806 2807
2805 2806
2804 2805
2804 2805
2804 2805
2804 2805
2803 2804
2803 2804
2802 2803
2802 2803
2801 2802
2801 2802
2801 2802
2800 2801
2800 2801
2800 2801
2799 2800
2799 2800
2798 2799
2798 2799
2797 2798
2796 2797
2796 2797
2795 2796
2795 2796
2795 2796
2794 2795
2794 2795
2794 2795
2794 2795
2793 2794
2792 2793
2792 2793
2791 2792
2790 2791
2789 2790
2789 2790
2788 2789
2787 2788
2787 2788
2786 2787
2786 2787
2785 2786
2784 2785
2783 2784
2782 2783
2782 2783
2782 2783
2781 2782
2781 2782
2781 2782
2780 2781
2780 2781
2779 2780
2779 2780
2779 2780
2779 2780
2779 2780
2778 2779
2778 2779
2777 2778
2776 2777
2775 2776
2775 2776
2774 2775
2773 2774
2773 2774
2773 2774
2773 2774
2773 2774
2772 2773
2772 2773
2771 2772
2771 2772
2770 2771
2769 2770
2768 2769
2768 2769
2768 2769
2767 2768
2767 2768
2766 2767
2766 2767
2766 2767
2766 2767
2766 2767
2765 2766
2765 2766
2764 2765
2764 2765
2764 2765
2764 2765
2764 2765
2764 2765
2763 2764
2762 2763
2762 2763
2762 2763
2762 2763
2762 2763
2762 2763
2761 2762
2761 2762
2760 2761
2760 2761
2760 2761
2760 2761
2760 2761
2759 2760
2758 2759
2757 2758
2757 2758
2756 2757
2756 2757
2756 2757
2755 2756
2755 2756
2754 2755
2754 2755
2754 2755
2753 2754
2752 2753
2752 2753
2752 2753
2752 2753
2752 2753
2751 2752
2751 2752
2751 2752
2751 2752
2751 2752
2751 2752
2750 2751
2749 2750
2749 2750
2749 2750
2749 2750
2748 2749
2748 2749
2748 2749
2748 2749
2747 2748
2747 2748
2747 2748
2747 2748
2746 2747
2745 2746
2744 2745
2743 2744
2743 2744
2743 2744
2743 2744
2743 2744
2743 2744
2742 2743
2741 2742
2741 2742
2740 2741
2739 2740
2739 2740
2738 2739
2737 2738
2736 2737
2736 2737
2736 2737
2735 2736
2734 2735
2734 2735
2733 2734
2733 2734
2733 2734
2733 2734
2732 2733
2732 2733
2731 2732
2730 2731
2729 2730
2729 2730
2728 2729
2728 2729
2727 2728
2726 2727
2725 2726
2725 2726
2724 2725
2724 2725
2724 2725
2723 2724
2722 2723
2722 2723
2721 2722
2721 2722
2720 2721
2720 2721
2719 2720
2719 2720
2719 2720
2719 2720
2718 2719
2717 2718
2717 2718
2716 2717
2716 2717
2715 2716
2715 2716
2715 2716
2715 2716
2714 2715
2713 2714
2712 2713
2711 2712
2710 2711
2710 2711
2709 2710
2708 2709
2708 2709
2707 2708
2706 2707
2706 2707
2705 2706
2705 2706
2704 2705
2704 2705
2704 2705
2704 2705
2704 2705
2704 2705
2703 2704
2702 2703
2702 2703
2702 2703
2701 2702
2700 2701
2700 2701
2699 2700
2698 2699
2697 2698
2696 2697
2695 2696
2694 2695
2694 2695
2694 2695
2693 2694
2692 2693
2691 2692
2690 2691
2690 2691
2689 2690
2689 2690
2689 2690
2689 2690
2689 2690
2688 2689
2687 2688
2686 2687
2686 2687
2685 2686
2685 2686
2684 2685
2683 2684
2683 2684
2683 2684
2683 2684
2682 2683
2681 2682
2680 2681
2680 2681
2679 2680
2679 2680
2679 2680
2678 2679
2678 2679
2677 2678
2676 2677
2676 2677
2676 2677
2675 2676
2674 2675
2674 2675
2674 2675
2674 2675
2673 2674
2672 2673
2671 2672
2670 2671
2669 2670
2668 2669
2668 2669
2668 2669
2668 2669
2667 2668
2667 2668
2667 2668
2666 2667
2666 2667
2665 2666
2665 2666
2664 2665
2663 2664
2663 2664
2663 2664
2662 2663
2662 2663
2662 2663
2662 2663
2661 2662
2661 2662
2661 2662
2660 2661
2660 2661
2659 2660
2658 2659
2657 2658
2656 2657
2655 2656
2655 2656
2655 2656
2654 2655
2654 2655
2653 2654
2653 2654
2652 2653
2652 2653
2651 2652
2651 2652
2650 2651
2650 2651
2649 2650
2649 2650
2649 2650
2648 2649
2648 2649
2647 2648
2647 2648
2647 2648
2646 2647
2645 2646
2644 2645
2643 2644
2642 2643
2642 2643
2641 2642
2641 2642
2641 2642
2640 2641
2640 2641
2640 2641
2639 2640
2639 2640
2638 2639
2637 2638
2637 2638
2636 2637
2635 2636
2634 2635
2634 2635
2634 2635
2633 2634
2633 2634
2632 2633
2631 2632
2631 2632
2630 2631
2629 2630
2629 2630
2628 2629
2628 2629
2628 2629
2627 2628
2627 2628
2627 2628
2627 2628
2626 2627
2625 2626
2625 2626
2624 2625
2623 2624
2623 2624
2623 2624
2622 2623
3556 3557
3554 3556
3533 3534
3531 3533
3531 3534
3530 3533
1105 1106
1105 1106
1105 1106
1104 1105
1103 1104
1103 1104
1103 1104
1102 1103
1101 1102
1100 1101
1099 1100
1098 1099
1097 1098
1097 1098
1096 1097
1096 1097
1096 1097
1095 1096
1095 1096
1094 1095
1093 1094
1092 1093
1092 1093
1091 1092
1090 1091
1089 1090
1089 1090
1088 1089
1088 1089
1087 1088
1086 1087
1085 1086
1084 1085
1084 1085
1084 1085
1083 1084
1083 1084
1082 1083
1081 1082
1080 1081
1080 1081
1079 1080
1078 1079
1078 1079
1077 1078
1076 1077
1075 1076
1075 1076
1074 1075
1074 1075
1073 1074
1072 1073
1071 1072
1071 1072
1071 1072
1071 1072
1071 1072
1070 1071
1069 1070
1069 1070
1069 1070
1068 1069
1067 1068
1066 1067
1065 1066
1064 1065
1063 1064
1062 1063
1062 1063
1062 1063
1061 1062
1060 1061
1059 1060
1058 1059
1058 1059
1058 1059
1057 1058
1057 1058
1056 1057
1056 1057
1056 1057
1056 1057
1055 1056
1054 1055
1053 1054
1052 1053
1052 1053
1051 1052
1050 1051
1050 1051
1049 1050
1048 1049
1048 1049
1047 1048
1046 1047
1045 1046
1045 1046
1045 1046
1044 1045
1044 1045
1043 1044
1042 1043
1042 1043
1042 1043
1042 1043
1041 1042
1040 1041
1040 1041
1040 1041
1040 1041
1040 1041
1039 1040
1039 1040
1039 1040
1039 1040
1038 1039
1037 1038
1037 1038
1037 1038
1036 1037
1036 1037
1036 1037
1035 1036
1034 1035
1033 1034
1033 1034
1033 1034
1033 1034
1033 1034
1033 1034
1032 1033
1031 1032
1030 1031
1029 1030
1028 1029
1027 1028
1026 1027
1026 1027
1026 1027
1025 1026
1024 1025
1023 1024
1022 1023
1022 1023
1022 1023
1021 1022
1021 1022
1020 1021
1020 1021
1020 1021
1019 1020
1018 1019
1017 1018
1017 1018
1016 1017
1016 1017
1016 1017
1016 1017
1015 1016
1015 1016
1015 1016
1015 1016
1015 1016
1015 1016
1014 1015
1014 1015
1014 1015
1014 1015
1014 1015
1014 1015
1013 1014
1012 1013
1012 1013
1012 1013
1012 1013
1011 1012
1011 1012
1010 1011
1010 1011
1009 1010
1009 1010
1008 1009
1008 1009
1008 1009
1007 1008
1006 1007
1005 1006
1005 1006
1005 1006
1004 1005
1004 1005
1003 1004
1003 1004
1003 1004
1002 1003
1001 1002
1000 1001
999 1000
998 999
997 998
996 997
996 997
995 996
994 995
994 995
994 995
993 994
993 994
992 993
992 993
991 992
991 992
991 992
991 992
990 991
989 990
989 990
989 990
989 990
989 990
988 989
987 988
987 988
986 987
985 986
984 985
983 984
982 983
981 982
980 981
980 981
980 981
980 981
980 981
980 981
980 981
979 980
979 980
979 980
978 979
977 978
976 977
975 976
975 976
974 975
974 975
973 974
973 974
972 973
971 972
971 972
971 972
971 972
970 971
970 971
969 970
969 970
969 970
968 969
968 969
967 968
966 967
966 967
965 966
965 966
965 966
965 966
964 965
963 964
962 963
961 962
960 961
959 960
958 959
957 958
956 957
955 956
955 956
954 955
953 954
952 953
952 953
952 953
951 952
951 952
951 952
950 951
949 950
948 949
948 949
947 948
947 948
946 947
945 946
945 946
945 946
945 946
944 945
943 944
943 944
943 944
943 944
943 944
942 943
941 942
940 941
939 940
939 940
939 940
939 940
938 939
937 938
936 937
936 937
935 936
934 935
934 935
933 934
932 933
931 932
930 931
930 931
930 931
929 930
928 929
927 928
926 927
925 926
924 925
923 924
923 924
922 923
921 922
920 921
919 920
919 920
919 920
919 920
919 920
918 919
917 918
916 917
915 916
914 915
913 914
912 913
911 912
910 911
909 910
909 910
909 910
909 910
908 909
907 908
907 908
907 908
907 908
906 907
906 907
905 906
905 906
904 905
903 904
902 903
901 902
901 902
900 901
899 900
899 900
899 900
898 899
897 898
897 898
896 897
895 896
895 896
894 895
893 894
893 894
893 894
893 894
893 894
892 893
892 893
892 893
892 893
892 893
892 893
891 892
890 891
889 890
888 889
887 888
886 887
885 886
884 885
883 884
882 883
882 883
881 882
880 881
880 881
879 880
879 880
878 879
878 879
877 878
877 878
877 879
877 878
876 877
876 877
876 877
875 876
874 875
874 875
873 874
873 874
873 874
872 873
871 872
870 871
869 870
869 870
868 869
867 868
866 867
866 867
866 867
866 867
866 867
865 866
865 866
864 865
863 864
863 864
862 863
862 863
861 862
860 861
859 860
858 859
858 859
857 858
856 857
855 856
855 856
854 855
854 855
853 854
853 854
852 853
852 853
852 853
851 852
850 851
849 850
3068 3069
3067 3068
3065 3068
3062 3066
849 850
849 850
848 849
847 848
847 848
847 848
846 847
845 846
845 846
845 846
845 846
845 846
845 846
844 845
844 845
843 844
843 844
843 844
843 844
842 843
841 842
841 842
840 841
839 840
839 840
839 840
838 839
838 839
838 839
837 838
836 837
836 837
835 836
834 835
833 834
832 833
831 832
830 831
830 831
829 830
829 830
828 829
827 828
826 827
825 826
824 825
824 825
823 824
823 824
823 824
822 823
822 823
821 822
821 822
821 822
820 821
819 820
819 820
819 820
819 820
818 819
818 819
818 819
818 819
817 818
816 817
815 816
814 815
813 814
812 813
812 813
811 812
811 812
810 811
809 810
808 809
808 809
808 809
807 808
807 808
806 807
805 806
805 806
805 806
804 805
803 804
803 804
803 804
803 804
803 804
803 804
803 804
803 804
803 804
803 804
802 803
802 803
802 803
802 803
801 802
801 802
801 802
800 801
800 801
799 800
798 799
797 798
797 798
796 797
796 797
795 796
794 795
793 794
792 793
792 793
791 792
791 792
791 792
790 791
790 791
789 790
788 789
788 789
787 788
786 787
785 786
785 786
785 786
785 786
785 786
785 786
784 785
783 784
783 784
782 783
781 782
780 781
780 781
780 781
779 780
778 779
778 779
777 778
777 778
776 777
775 776
775 776
775 776
774 775
774 775
774 775
774 775
774 775
773 774
773 774
772 773
771 772
770 771
769 770
768 769
768 769
767 768
767 768
767 768
766 767
766 767
765 766
764 765
764 765
764 765
763 764
762 763
761 762
761 762
760 761
760 761
760 761
759 760
759 760
758 759
757 758
756 757
756 757
756 757
756 757
756 757
756 757
755 756
754 755
753 754
752 753
751 752
750 751
750 751
750 751
750 751
749 750
748 749
747 748
747 748
746 747
745 746
744 745
744 745
744 745
743 744
743 744
743 744
742 743
742 743
741 742
740 741
740 741
739 740
738 739
737 738
737 738
737 738
736 737
735 736
735 736
734 735
734 735
733 734
733 734
732 733
731 732
731 732
730 731
729 730
728 729
727 728
726 727
725 726
725 726
725 726
725 726
725 726
724 725
724 725
723 724
723 724
723 724
723 724
722 723
722 723
722 723
721 722
721 722
721 722
721 722
720 721
720 721
720 721
720 721
719 720
719 720
718 719
717 718
717 718
716 717
716 717
715 716
714 715
714 715
714 715
714 715
714 715
713 714
713 714
712 713
712 713
711 712
711 712
710 711
710 711
709 710
708 709
707 708
707 708
706 707
706 707
705 706
705 706
704 705
704 705
704 705
703 704
702 703
701 702
701 702
700 701
699 700
699 700
698 699
697 698
697 698
696 697
696 697
696 697
696 697
695 696
695 696
695 696
695 696
694 695
693 694
692 693
692 693
692 693
692 693
691 692
690 691
689 690
689 690
689 690
689 690
689 690
688 689
687 688
686 687
685 686
684 685
683 684
682 683
682 683
681 682
680 681
680 681
680 681
680 681
679 680
678 679
678 679
678 679
678 679
678 679
678 679
677 678
676 677
675 676
675 676
675 676
674 675
673 674
672 673
672 673
672 673
671 672
671 672
670 671
670 671
670 671
670 671
670 671
669 670
668 669
668 669
667 668
667 668
666 667
665 666
664 665
664 665
664 665
663 664
663 664
662 663
661 662
660 661
660 661
660 661
660 661
659 660
658 659
657 658
657 658
656 657
656 657
655 656
655 656
655 656
654 655
653 654
653 654
653 654
653 654
653 654
652 653
651 652
650 651
650 651
650 651
650 651
649 650
649 650
648 649
648 649
648 649
647 648
646 647
645 646
645 646
645 646
644 645
644 645
643 644
643 644
643 644
642 643
642 643
641 642
641 642
640 641
640 641
640 641
640 641
639 640
639 640
638 639
638 639
638 639
637 638
637 638
636 637
636 637
635 636
634 635
634 635
633 634
632 633
632 633
632 633
632 633
631 632
630 631
629 630
629 630
628 629
627 628
626 627
626 627
626 627
625 626
624 625
623 624
623 624
623 624
623 624
622 623
622 623
621 622
621 622
620 621
620 621
620 621
620 621
620 621
619 620
619 620
618 619
618 619
618 619
617 618
617 618
616 617
615 616
614 615
614 615
614 615
614 615
613 614
613 614
613 614
613 614
613 614
613 614
613 614
612 613
612 613
611 612
610 611
609 610
609 610
609 610
609 610
608 609
607 608
607 608
607 608
606 607
606 607
605 606
604 605
604 605
603 604
602 603
601 602
600 601
599 600
599 600
598 599
597 598
597 598
597 598
596 597
596 597
595 596
595 596
594 595
594 595
593 594
592 593
592 593
591 592
590 591
590 591
590 591
589 590
589 590
588 589
587 588
586 587
586 587
585 586
584 585
583 584
582 583
581 582
581 582
581 582
580 581
579 580
578 579
577 578
576 577
575 576
575 576
574 575
573 574
573 574
572 573
571 572
571 572
570 571
570 571
569 570
568 569
567 568
567 568
566 567
565 566
564 565
564 565
564 565
563 564
562 563
561 562
561 562
561 562
560 561
559 560
558 559
557 558
557 558
557 558
557 558
556 557
555 556
554 555
553 554
553 554
553 554
552 553
552 553
551 552
550 551
549 550
549 550
548 549
547 548
546 547
546 547
546 547
545 546
544 545
543 544
542 543
541 542
541 542
540 541
540 541
540 541
540 541
539 540
538 539
538 539
538 539
538 539
537 538
537 538
537 538
537 538
537 538
537 538
536 537
535 536
535 536
534 535
534 535
534 535
533 534
532 533
531 532
530 531
530 531
529 530
528 529
528 529
527 528
526 527
525 526
524 525
523 524
522 523
521 522
521 522
520 521
520 521
520 521
520 521
519 520
518 519
518 519
518 519
517 518
516 517
515 516
515 516
514 515
513 514
513 514
513 514
512 513
512 513
512 513
512 513
511 512
510 511
510 511
510 511
509 510
509 510
509 510
508 509
507 508
507 508
506 507
506 507
506 507
506 507
505 506
504 505
504 505
504 505
503 504
503 504
503 504
503 504
502 503
502 503
502 503
501 502
500 501
500 501
500 501
500 501
499 500
498 499
498 499
497 498
497 498
497 498
496 497
496 497
495 496
494 495
494 495
493 494
492 493
491 492
491 492
490 491
490 491
489 490
489 490
489 490
489 490
489 490
489 490
489 490
488 489
488 489
488 489
488 489
488 489
487 488
486 487
486 487
486 487
486 487
486 487
486 487
486 487
486 487
485 486
484 485
483 484
483 484
483 484
482 483
482 483
481 482
480 481
479 480
479 480
479 480
478 479
477 478
477 478
476 477
475 476
475 476
474 475
474 475
473 474
472 473
472 473
471 472
471 472
471 472
2330 2331
2330 2331
2330 2331
2327 2330
2326 2328
2326 2330
2325 2327
471 472
470 471
469 470
469 470
469 470
468 469
467 468
466 467
465 466
465 466
465 466
465 466
464 465
463 464
463 464
463 464
462 463
462 463
462 463
461 462
460 461
460 461
459 460
458 459
457 458
457 458
456 457
455 456
454 455
453 454
452 453
452 453
452 453
452 453
451 452
450 451
450 451
449 450
449 450
448 449
447 448
446 447
445 446
444 445
443 444
443 444
442 443
442 443
441 442
441 442
441 442
440 441
440 441
439 440
439 440
438 439
438 439
438 439
438 439
437 438
437 438
437 438
436 437
435 436
435 436
435 436
434 435
434 435
433 434
433 434
433 434
432 433
432 433
432 433
431 432
431 432
430 431
430 431
429 430
428 429
427 428
427 428
427 428
426 427
426 427
426 427
425 426
424 425
424 425
424 425
423 424
422 423
421 422
420 421
419 420
418 419
418 419
418 419
418 419
417 418
417 418
417 418
416 417
416 417
415 416
414 415
413 414
413 414
413 414
413 414
412 413
411 412
410 411
409 410
408 409
407 408
407 408
406 407
405 406
404 405
404 405
403 404
402 403
401 402
400 401
399 400
398 399
397 398
396 397
395 396
395 396
395 396
395 396
394 395
394 395
393 394
393 394
392 393
392 393
392 393
391 392
391 392
391 392
390 391
390 391
390 391
389 390
389 390
388 389
388 389
388 389
388 389
387 388
386 387
385 386
384 385
384 385
383 384
383 384
383 384
382 383
381 382
381 382
380 381
380 381
380 381
379 380
378 379
377 378
377 378
376 377
376 377
376 377
375 376
374 375
374 375
374 375
374 375
373 374
373 374
373 374
373 374
373 374
372 373
371 372
370 371
370 371
370 371
369 370
368 369
368 369
368 369
367 368
367 368
367 368
367 368
366 367
365 366
364 365
364 365
363 364
362 363
362 363
361 362
360 361
359 360
359 360
359 360
359 360
358 359
357 358
356 357
355 356
355 356
355 356
355 356
354 355
353 354
352 353
352 353
352 353
352 353
352 353
352 353
351 352
351 352
351 352
350 351
350 351
349 350
348 349
347 348
346 347
345 346
345 346
345 346
345 346
345 346
345 346
344 345
344 345
344 345
344 345
344 345
344 345
343 344
343 344
342 343
342 343
341 342
340 341
340 341
339 340
339 340
338 339
337 338
337 338
337 338
336 337
336 337
336 337
336 337
336 337
336 337
335 336
334 335
333 334
333 334
332 333
331 332
330 331
330 331
330 331
329 330
329 330
329 330
328 329
327 328
327 328
327 328
326 327
325 326
324 325
324 325
323 324
322 323
322 323
322 323
322 323
322 323
322 323
321 322
320 321
320 321
320 321
320 321
319 320
319 320
318 319
317 318
317 318
317 318
316 317
315 316
314 315
314 315
313 314
312 313
312 313
311 312
311 312
310 311
309 310
309 310
308 309
307 308
307 308
306 307
306 307
306 307
306 307
306 307
305 306
305 306
304 305
303 304
303 304
303 304
303 304
302 303
302 303
302 303
302 303
301 302
301 302
300 301
300 301
299 300
299 300
299 300
298 299
297 298
297 298
296 297
295 296
295 296
294 295
294 295
294 295
294 295
293 294
292 293
291 292
290 291
290 291
290 291
289 290
288 289
287 288
286 287
285 286
285 286
285 286
284 285
284 285
284 285
283 284
283 284
282 283
282 283
281 282
280 281
280 281
280 281
280 281
280 281
280 281
280 281
279 280
278 279
277 278
277 278
276 277
276 277
276 277
275 276
274 275
273 274
273 274
273 274
273 274
273 274
273 274
273 274
272 273
272 273
271 272
271 272
270 271
269 270
269 270
269 270
268 269
268 269
268 269
267 268
267 268
267 268
266 267
266 267
266 267
265 266
264 265
264 265
264 265
264 265
264 265
263 264
263 264
262 263
261 262
261 262
260 261
260 261
260 261
259 260
259 260
258 259
258 259
258 259
258 259
257 258
257 258
256 257
255 256
254 255
254 255
254 255
253 254
253 254
252 253
251 252
251 252
251 252
250 251
249 250
248 249
247 248
246 247
245 246
244 245
243 244
243 244
243 244
243 244
242 243
242 243
242 243
242 243
242 243
241 242
240 241
239 240
239 240
239 240
239 240
239 240
239 240
239 240
239 240
238 239
237 238
236 237
236 237
236 237
235 236
235 236
234 235
233 234
232 233
231 232
231 232
231 232
231 232
231 232
231 232
230 231
230 231
230 231
229 230
229 230
228 229
228 229
227 228
226 227
225 226
224 225
224 225
223 224
223 224
223 224
222 223
222 223
221 222
221 222
220 221
219 220
218 219
218 219
218 219
217 218
216 217
215 216
214 215
213 214
213 214
212 213
212 213
212 213
212 213
211 212
211 212
210 211
210 211
210 211
209 210
209 210
209 210
208 209
207 208
207 208
207 208
207 208
206 207
205 206
205 206
204 205
204 205
203 204
202 203
202 203
201 202
200 201
11 13
9 12
9 11
7 9
6 9
868 869
867 868
867 868
867 868
867 868
867 868
867 868
867 868
867 868
867 868
866 867
865 866
864 865
863 864
863 864
863 864
862 863
862 863
862 863
862 863
862 863
861 862
860 861
859 860
858 859
857 858
856 857
856 857
856 857
855 856
855 856
855 856
854 855
853 854
853 854
853 854
853 854
852 853
852 853
852 853
851 852
850 851
850 851
849 850
849 850
849 850
848 849
848 849
847 848
847 848
847 848
847 848
847 848
846 847
846 847
846 847
845 846
844 845
844 845
843 844
842 843
841 842
841 842
841 842
841 842
840 841
840 841
839 840
839 840
838 839
838 839
838 839
838 839
838 839
837 838
836 837
836 837
835 836
834 835
833 834
833 834
832 833
831 832
830 831
829 830
829 830
829 830
828 829
828 829
828 829
828 829
828 829
828 829
827 828
826 827
825 826
825 826
824 825
823 824
823 824
823 824
822 823
821 822
820 821
820 821
819 820
819 820
818 819
817 818
816 817
815 816
815 816
815 816
815 816
815 816
814 815
814 815
813 814
813 814
813 814
812 813
812 813
811 812
811 812
811 812
810 811
809 810
809 810
808 809
807 808
807 808
806 807
805 806
804 805
804 805
803 804
803 804
802 803
802 803
802 803
802 803
802 803
801 802
801 802
800 801
799 800
798 799
798 799
797 798
797 798
796 797
795 796
795 796
794 795
794 795
794 795
794 795
794 795
794 795
793 794
792 793
791 792
791 792
791 792
791 792
790 791
790 791
790 791
790 791
789 790
788 789
787 788
786 787
785 786
785 786
785 786
785 786
785 786
784 785
783 784
783 784
783 784
782 783
782 783
781 782
781 782
781 782
780 781
779 780
778 779
777 778
776 777
776 777
775 776
774 775
773 774
772 773
771 772
770 771
770 771
769 770
768 769
768 769
767 768
767 768
767 768
767 768
767 768
766 767
765 766
765 766
765 766
765 766
765 766
765 766
764 765
763 764
763 764
763 764
762 763
761 762
760 761
759 760
759 760
759 760
758 759
758 759
757 758
756 757
755 756
755 756
755 756
755 756
754 755
753 754
752 753
752 753
752 753
752 753
751 752
751 752
751 752
751 752
751 752
750 751
749 750
748 749
748 749
748 749
747 748
747 748
746 747
746 747
746 747
746 747
746 747
745 746
744 745
744 745
744 745
743 744
742 743
741 742
740 741
740 741
739 740
739 740
739 740
738 739
738 739
738 739
737 738
736 737
736 737
735 736
734 735
733 734
733 734
733 734
732 733
732 733
731 732
730 731
729 730
728 729
727 728
727 728
726 727
726 727
726 727
725 726
724 725
724 725
723 724
722 723
722 723
721 722
721 722
720 721
720 721
720 721
720 721
719 720
719 720
719 720
719 720
719 720
719 720
719 720
718 719
718 719
718 719
718 719
717 718
716 717
716 717
715 716
714 715
714 715
713 714
713 714
713 714
712 713
711 712
710 711
710 711
710 711
709 710
709 710
708 709
708 709
707 708
707 708
707 708
707 708
707 708
707 708
706 707
705 706
705 706
704 705
703 704
703 704
703 704
702 703
701 702
700 701
700 701
700 701
700 701
699 700
699 700
699 700
699 700
698 699
698 699
698 699
698 699
697 698
696 697
696 697
696 697
696 697
696 697
695 696
695 696
695 696
695 696
695 696
695 696
695 696
695 696
695 696
694 695
693 694
693 694
692 693
692 693
691 692
690 691
690 691
690 691
689 690
689 690
688 689
687 688
686 687
685 686
684 685
683 684
683 684
682 683
681 682
681 682
681 682
680 681
680 681
680 681
680 681
679 680
678 679
677 678
676 677
675 676
675 676
674 675
673 674
673 674
673 674
673 674
672 673
671 672
670 671
669 670
668 669
668 669
667 668
666 667
666 667
666 667
666 667
666 667
666 667
666 667
665 666
664 665
663 664
662 663
662 663
662 663
661 662
660 661
660 661
660 661
660 661
660 661
660 661
659 660
658 659
658 659
658 659
658 659
657 658
657 658
657 658
656 657
656 657
656 657
655 656
654 655
653 654
652 653
651 652
651 652
650 651
649 650
649 650
649 650
649 650
649 650
649 650
649 650
649 650
648 649
648 649
647 648
646 647
646 647
645 646
645 646
645 646
644 645
644 645
644 645
643 644
643 644
642 643
642 643
641 642
641 642
641 642
641 642
641 642
641 642
640 641
640 641
640 641
640 641
640 641
640 641
639 640
638 639
637 638
637 638
637 638
636 637
636 637
636 637
636 637
635 636
634 635
634 635
633 634
633 634
632 633
632 633
632 633
631 632
631 632
631 632
630 631
629 630
629 630
628 629
627 628
626 627
625 626
625 626
624 625
623 624
623 624
622 623
622 623
621 622
621 622
621 622
621 622
621 622
621 622
621 622
621 622
620 621
620 621
620 621
620 621
620 621
619 620
619 620
618 619
617 618
616 617
616 617
615 616
615 616
614 615
613 614
612 613
612 613
612 613
611 612
610 611
610 611
609 610
609 610
608 609
608 609
607 608
607 608
607 608
606 607
605 606
604 605
603 604
602 603
602 603
601 602
601 602
600 601
599 600
599 600
598 599
598 599
597 598
596 597
596 597
595 596
594 595
594 595
593 594
592 593
592 593
592 593
592 593
592 593
591 592
591 592
590 591
590 591
589 590
589 590
588 589
587 588
587 588
586 587
586 587
585 586
585 586
584 585
584 585
583 584
583 584
583 584
583 584
583 584
582 583
581 582
581 582
581 582
580 581
579 580
578 579
577 578
577 578
576 577
576 577
575 576
574 575
574 575
574 575
574 575
574 575
574 575
574 575
573 574
573 574
572 573
572 573
571 572
571 572
570 571
570 571
569 570
569 570
569 570
569 570
569 570
569 570
568 569
568 569
568 569
567 568
566 567
566 567
566 567
566 567
566 567
565 566
565 566
565 566
564 565
564 565
564 565
563 564
563 564
563 564
563 564
562 563
562 563
562 563
561 562
561 562
561 562
560 561
559 560
559 560
558 559
557 558
557 558
556 557
555 556
555 556
554 555
554 555
554 555
553 554
553 554
553 554
553 554
553 554
553 554
552 553
552 553
551 552
550 551
549 550
549 550
548 549
547 548
547 548
546 547
546 547
546 547
545 546
545 546
544 545
544 545
543 544
543 544
543 544
543 544
542 543
541 542
540 541
540 541
539 540
539 540
538 539
538 539
537 538
537 538
536 537
536 537
536 537
535 536
534 535
533 534
532 533
531 532
531 532
530 531
529 530
529 530
529 530
528 529
528 529
528 529
528 529
527 528
527 528
527 528
527 528
526 527
525 526
525 526
524 525
524 525
523 524
523 524
523 524
523 524
522 523
522 523
521 522
521 522
520 521
520 521
519 520
518 519
517 518
517 518
516 517
515 516
514 515
513 514
512 513
512 513
511 512
511 512
510 511
510 511
509 510
508 509
507 508
506 507
505 506
504 505
503 504
502 503
502 503
501 502
500 501
499 500
499 500
498 499
497 498
496 497
495 496
495 496
494 495
494 495
493 494
492 493
491 492
490 491
489 490
489 490
489 490
489 490
488 489
487 488
487 488
486 487
485 486
484 485
483 484
483 484
483 484
482 483
482 483
481 482
480 481
479 480
478 479
478 479
477 478
476 477
475 476
475 476
475 476
474 475
473 474
473 474
472 473
471 472
470 471
470 471
470 471
469 470
469 470
468 469
467 468
466 467
466 467
465 466
464 465
464 465
464 465
463 464
463 464
463 464
463 464
462 463
462 463
461 462
461 462
461 462
460 461
459 460
458 459
457 458
457 458
456 457
455 456
455 456
454 455
453 454
453 454
453 454
453 454
452 453
452 453
452 453
452 453
452 453
451 452
451 452
450 451
450 451
449 450
448 449
448 449
448 449
447 448
446 447
445 446
444 445
443 444
443 444
443 444
443 444
443 444
443 444
442 443
442 443
442 443
441 442
441 442
441 442
441 442
441 442
441 442
440 441
439 440
438 439
438 439
438 439
437 438
437 438
436 437
436 437
436 437
435 436
435 436
434 435
434 435
433 434
433 434
432 433
431 432
430 431
430 431
429 430
429 430
429 430
429 430
428 429
428 429
428 429
427 428
426 427
425 426
425 426
425 426
424 425
424 425
423 424
422 423
421 422
420 421
420 421
419 420
418 419
417 418
416 417
416 417
416 417
416 417
416 417
415 416
415 416
415 416
415 416
415 416
415 416
414 415
413 414
413 414
413 414
412 413
411 412
410 411
410 411
410 411
410 411
410 411
409 410
409 410
409 410
409 410
408 409
407 408
407 408
406 407
405 406
404 405
404 405
404 405
404 405
403 404
403 404
402 403
402 403
402 403
401 402
400 401
399 400
399 400
399 400
399 400
399 400
398 399
398 399
398 399
397 398
397 398
397 398
397 398
397 398
397 398
397 398
397 398
397 398
396 397
395 396
395 396
394 395
393 394
392 393
391 392
390 391
390 391
390 391
390 391
390 391
390 391
389 390
389 390
389 390
389 390
389 390
388 389
388 389
388 389
388 389
387 388
386 387
386 387
386 387
386 387
385 386
385 386
384 385
383 384
383 384
382 383
381 382
380 381
380 381
380 381
380 381
379 380
379 380
379 380
378 379
377 378
376 377
376 377
375 376
375 376
374 375
373 374
372 373
371 372
370 371
369 370
368 369
368 369
368 369
368 369
367 368
366 367
366 367
365 366
365 366
365 366
365 366
364 365
363 364
363 364
362 363
361 362
361 362
360 361
359 360
358 359
358 359
358 359
357 358
356 357
355 356
355 356
354 355
353 354
352 353
352 353
352 353
351 352
351 352
350 351
350 351
350 351
349 350
349 350
349 350
349 350
349 350
349 350
349 350
349 350
349 350
349 350
348 349
347 348
346 347
346 347
345 346
345 346
345 346
345 346
344 345
343 344
343 344
342 343
342 343
342 343
341 342
341 342
341 342
341 342
340 341
339 340
339 340
338 339
337 338
337 338
337 338
336 337
335 336
335 336
335 336
334 335
334 335
334 335
334 335
334 335
333 334
333 334
332 333
332 333
332 333
331 332
331 332
331 332
331 332
331 332
331 332
330 331
329 330
328 329
328 329
328 329
328 329
328 329
328 329
327 328
327 328
327 328
327 328
326 327
326 327
325 326
325 326
324 325
324 325
323 324
322 323
322 323
321 322
320 321
320 321
320 321
320 321
319 320
319 320
318 319
317 318
317 318
316 317
315 316
314 315
313 314
312 313
311 312
310 311
310 311
310 311
309 310
309 310
308 309
307 308
306 307
306 307
306 307
306 307
305 306
305 306
304 305
303 304
303 304
303 304
303 304
303 304
302 303
301 302
300 301
299 300
299 300
299 300
298 299
298 299
297 298
297 298
296 297
296 297
296 297
295 296
294 295
293 294
292 293
291 292
291 292
291 292
290 291
289 290
289 290
288 289
287 288
287 288
286 287
285 286
284 285
283 284
283 284
282 283
281 282
281 282
281 282
281 282
281 282
281 282
281 282
280 281
279 280
278 279
278 279
278 279
277 278
277 278
276 277
275 276
274 275
274 275
273 274
273 274
272 273
271 272
271 272
271 272
270 271
269 270
268 269
267 268
267 268
266 267
265 266
265 266
265 266
265 266
265 266
265 266
265 266
264 265
263 264
262 263
262 263
261 262
261 262
261 262
261 262
260 261
259 260
258 259
257 258
256 257
256 257
255 256
254 255
254 255
254 255
254 255
254 255
253 254
252 253
251 252
251 252
251 252
251 252
250 251
250 251
250 251
249 250
248 249
247 248
246 247
246 247
246 247
246 247
245 246
245 246
244 245
243 244
243 244
242 243
242 243
242 243
242 243
241 242
240 241
239 240
239 240
239 240
239 240
239 240
238 239
237 238
236 237
235 236
235 236
234 235
234 235
234 235
233 234
232 233
231 232
231 232
231 232
230 231
230 231
230 231
229 230
229 230
229 230
229 230
228 229
227 228
226 227
225 226
225 226
225 226
224 225
223 224
222 223
221 222
221 222
221 222
220 221
219 220
218 219
218 219
217 218
216 217
216 217
216 217
216 217
215 216
214 215
214 215
214 215
214 215
214 215
213 214
213 214
213 214
213 214
213 214
212 213
212 213
211 212
211 212
211 212
211 212
211 212
210 211
209 210
208 209
207 208
206 207
205 206
204 205
203 204
202 203
201 202
201 202
201 202
201 202
201 202
201 202
200 201
200 201
200 201
199 200
199 200
198 199
198 199
197 198
197 198
196 197
195 196
194 195
193 194
193 194
192 193
191 192
190 191
189 190
189 190
189 190
189 190
189 190
188 190
188 189
187 188
187 188
186 187
185 186
184 185
184 185
184 185
183 184
182 183
182 183
182 183
182 183
182 183
182 183
181 182
180 181
180 181
179 180
179 180
179 180
179 180
178 179
177 178
177 178
176 177
175 176
174 175
173 174
173 174
172 173
172 173
172 173
172 173
171 172
170 171
169 170
169 170
168 169
168 169
167 168
167 168
166 167
165 166
164 165
164 165
164 165
164 165
163 164
163 164
162 163
161 162
161 162
161 162
161 162
160 161
159 160
159 160
159 160
159 160
158 159
157 158
157 158
157 158
157 158
156 157
156 157
155 156
154 155
153 154
152 153
152 153
152 153
152 153
151 152
150 151
149 150
148 149
148 149
148 149
147 148
147 148
147 148
146 147
145 146
145 146
144 145
144 145
143 144
142 143
142 143
142 143
141 142
141 142
140 141
140 141
140 141
140 141
140 141
139 140
138 139
138 139
138 139
137 138
136 137
136 137
135 136
135 136
134 135
133 134
133 134
133 134
133 134
133 134
132 133
132 133
131 132
130 131
130 131
129 130
128 129
128 129
127 128
126 127
126 127
125 126
124 125
123 124
123 124
122 123
121 122
120 121
120 121
120 121
119 120
118 119
117 118
117 118
117 118
117 118
116 117
115 116
115 116
115 116
115 116
114 115
114 115
114 115
113 114
112 113
111 112
110 111
109 110
108 109
108 109
107 108
106 107
105 106
105 106
104 105
104 105
104 105
104 105
104 105
104 105
103 104
102 103
101 102
100 101
100 101
100 101
100 101
100 101
100 101
99 100
99 100
98 99
98 99
97 98
96 97
96 97
95 96
95 96
95 96
94 95
93 94
93 94
92 93
91 92
91 92
91 92
90 91
89 90
89 90
88 89
87 88
87 88
86 87
85 86
84 85
84 85
83 84
83 84
83 84
83 84
82 83
82 83
82 83
81 82
81 82
80 81
80 81
79 80
78 79
78 79
77 78
77 78
76 77
75 76
75 76
74 75
73 74
73 74
72 73
71 72
70 71
70 71
69 70
68 69
68 69
67 68
67 68
67 68
67 68
67 68
66 67
66 67
65 66
64 65
63 64
62 63
62 63
62 63
62 63
61 62
60 61
60 61
60 61
59 60
58 59
58 59
57 58
56 57
55 56
55 56
54 55
53 54
53 54
53 54
52 53
51 52
51 52
51 52
51 52
50 51
50 51
49 50
49 50
49 50
48 49
48 49
47 48
47 48
46 47
46 47
46 47
45 46
44 45
44 45
43 44
43 44
43 44
43 44
43 44
42 43
42 43
41 42
41 42
41 42
40 41
40 41
40 41
39 40
39 40
39 40
38 39
38 39
38 39
38 39
37 38
36 37
36 37
35 36
34 35
34 35
34 35
34 35
34 35
34 35
33 34
32 33
31 32
30 31
29 30
29 30
28 29
27 28
26 27
26 27
25 26
25 26
24 25
23 24
23 24
23 24
23 24
22 23
21 22
20 21
20 21
20 21
19 20
18 19
18 19
18 19
17 18
16 17
16 17
16 17
15 16
14 15
13 14
12 13
12 13
11 12
9 12
9 14
4 11
4 6
1 7
0 2
