5000 4792 2570
3445
4486
3387
4876
2985
4050
2912
4618
3637
4474
3687
3110
4087
3208
4073
4621
2887
3945
3277
2655
3162
2904
3378
4325
4274
2909
3116
4708
4956
4643
3589
4007
3473
3514
4432
3084
4575
4051
4950
3108
3044
4118
2618
3694
3920
4556
3528
4835
3287
4599
4500
3882
4776
2883
3772
3205
3648
3010
2686
4822
4132
4797
3472
3618
4471
4743
2754
4939
3494
3904
4064
2793
2924
3240
3834
3994
3534
4262
2710
4052
2661
4675
4742
4872
4870
4565
2575
3582
2906
4215
4968
4479
3821
4919
3402
4029
4608
4544
2723
3592
3383
4604
4673
2963
3157
4390
3308
4652
3980
4268
3283
2857
2938
3863
3038
3350
4120
2959
2667
4152
3372
3832
4016
4915
3303
2785
2781
3588
3799
3067
3360
4517
3296
4342
3028
4167
4043
3805
4615
4802
3083
4649
4837
3121
3844
2714
4150
4527
3101
3124
2764
3415
4138
3180
4506
4254
4318
4801
4387
3818
3119
3729
4623
3109
2583
2996
2681
3072
4497
3574
3640
4921
3069
3049
2682
4386
3531
3516
4442
2586
4020
4180
4799
4240
4943
4327
2982
4593
4668
2719
3489
3628
4142
2888
4844
2886
4263
2725
4693
4187
3317
3616
4959
3913
4730
2940
4076
3009
4347
3951
4970
3925
3765
2894
4359
3241
4381
3123
3523
2711
4873
2666
2705
2879
2926
4646
2810
4389
4062
4616
4376
2953
4814
4413
3021
4089
4315
4401
3530
2932
2960
3450
4529
2707
2824
3187
4935
3812
2606
4928
3412
3544
3493
3827
4334
3790
4296
3484
4036
4198
2882
2615
3020
2646
4554
4892
3304
3511
3963
4750
4487
4568
3051
3688
2913
3615
4611
4786
3113
4563
4560
2643
2905
4658
4548
4904
4285
4055
4417
4620
2945
4369
3278
3455
2782
3564
3488
3299
3918
2689
4128
2830
3398
4022
2841
4590
3166
3647
4669
4323
2605
3059
4858
2997
4766
2837
3866
4659
2967
3148
3783
3872
3669
4524
4460
4695
2804
2901
3120
4488
4682
2993
2791
2832
3289
4746
2817
3892
3793
3225
3602
3499
4865
4080
3735
2964
3721
2762
3795
3070
4657
3316
3649
3855
3150
4602
4583
4666
2695
2966
3501
4126
3875
2946
3782
4311
3756
4976
3018
2669
4431
4745
3780
3749
3819
4071
2899
4145
4170
4482
3739
2833
2878
4694
2939
4219
4184
2934
4530
3969
4171
3434
3361
4222
4689
4569
3159
3039
3246
3610
4551
3755
4350
4520
2821
3696
3547
2727
2903
3479
4741
2935
2851
3595
2685
4851
3467
4664
2759
3623
3561
2612
4446
4655
2834
4740
4606
4105
4827
2579
2622
4100
3486
4281
4964
4340
2850
3026
4863
4110
3238
2864
2885
3609
4601
3546
4462
4402
4233
4197
4496
4626
2827
2943
2991
2766
4384
4158
2928
3703
4475
3226
4178
3633
2746
4360
3522
3096
4936
4726
4060
4635
4436
2789
4546
3202
3223
2652
4316
4044
3290
3537
3553
3816
3104
3580
3837
4348
4032
3242
2930
4794
2641
4954
4531
4672
2947
3279
4961
3964
2664
2814
4134
3013
4259
4978
4299
3924
3651
3058
3424
3503
3183
4852
2703
2713
4592
4115
4651
3254
3463
3876
2663
4710
3356
3421
2852
4932
4989
3190
3230
3848
4161
4468
2691
4477
2651
4352
4747
3673
3411
4804
3440
3236
4728
3495
2891
4918
4640
2629
4997
4577
4070
4095
2779
4692
4549
3381
3909
4504
4252
3000
4857
4648
3974
4821
2845
2922
3567
4532
3540
3800
4157
3549
3535
4303
4805
4598
3384
4375
3259
4831
4214
4582
4704
3853
4749
3828
4639
4085
2915
3689
4175
2871
4526
3505
4696
3902
4613
2995
3078
2826
2701
4154
3325
4427
3591
4963
4400
4763
4762
4284
4723
3512
3581
2731
3659
4967
3887
3271
4343
3042
4688
4208
3726
3737
4131
3251
3891
4555
3883
3862
4328
3135
4250
4012
4310
3371
4038
2980
3852
4026
3112
4438
2704
3107
3419
3758
4492
3801
3956
4159
4433
2823
2918
3346
4021
4146
4418
4053
4282
4059
3004
4399
3391
4929
3438
3320
4113
3215
4485
4143
3738
2717
2973
4860
3266
4464
3788
4727
4671
2870
3469
4841
4780
2802
3297
3889
3668
3394
4463
4735
3604
4781
3583
4670
3167
4491
4540
3744
3043
4787
4685
3253
3992
2616
4049
3985
3833
4035
3311
3426
3809
3578
2631
3048
3427
3901
2865
3685
4104
3390
3416
3643
4405
4934
3401
4937
3468
3498
4758
2599
3023
4982
4687
3702
4895
2911
4893
3524
3249
4308
4973
3775
4244
3284
2839
4543
4907
2698
3774
4148
4181
2787
4591
4770
4714
3748
2577
2724
4156
3376
3141
3324
4081
4202
4349
3619
2974
3270
3624
3336
2874
2784
3147
3555
4774
3239
2604
4422
4019
3122
4899
4383
4083
4999
3515
3513
2881
3397
3667
3878
3024
2777
3292
2594
3820
4534
4335
3627
4009
3713
3671
3452
4854
2836
4810
4744
3978
3032
4425
4539
4135
2671
2739
4391
3566
3791
2893
3354
3204
3681
3965
4724
4199
4812
3717
4897
4058
3854
2984
3784
2988
3179
3161
4448
3076
4096
2650
3869
3425
2765
4684
4331
4826
4421
4972
4411
3690
4825
2696
3456
4457
4298
3776
2687
4713
3959
3960
3541
4896
4588
3625
3558
4581
2961
2772
2720
4519
3365
4979
4894
4879
2889
4204
2751
4960
3366
2792
3734
3903
2859
4354
3529
4231
2741
4416
4039
3315
4466
3808
4788
4722
4917
3674
3542
2735
4392
3563
3309
4584
4754
4319
3461
3723
3509
4362
2948
3722
4768
2989
4700
3825
3406
4034
4125
3034
4594
3156
4393
3074
3815
4983
4644
4991
3841
3160
3428
3133
4379
4144
4243
3684
4828
4213
2609
3987
3155
3845
3966
4186
3432
4078
3557
4803
3322
4808
3896
3720
2987
4084
3981
4702
2876
3321
2929
3867
3330
3601
3442
4965
4042
2758
4535
3699
2645
2952
2649
4969
4453
3386
4521
3405
3679
3877
4509
3860
3185
3337
4576
2729
4374
4595
4712
2581
4992
3244
2668
4536
3252
3556
4046
3912
356
656
2122
1683
542
1596
1364
649
2294
43
1798
290
1603
209
758
921
2289
2269
433
1833
81
2526
2528
1393
1897
1925
679
1941
830
1977
2075
1339
1511
1012
516
1943
1531
1610
1645
2486
440
2325
143
964
977
1513
2120
1618
645
1111
118
2419
502
1081
2206
686
63
1325
1800
730
1701
1261
1428
313
1880
246
1203
1987
2317
1132
872
366
1509
1420
284
659
1836
1570
2329
1304
348
242
952
234
640
2481
2390
1997
2036
398
67
1640
2564
660
319
1169
268
318
2326
1158
1208
1223
414
981
1924
1635
1638
206
227
836
916
1080
333
992
2363
469
609
2208
492
2300
1579
1447
402
1459
373
1851
2475
889
528
1505
531
86
2193
1471
1147
2257
2144
2424
1809
457
2305
2298
2500
1589
2561
1369
2109
1647
1970
2163
2378
2100
2280
1477
817
1421
2080
1220
2409
1665
1758
168
1986
1238
2314
371
996
2386
1249
696
301
1432
1037
2148
819
1852
1408
2393
2284
802
2255
2236
48
1953
1177
1476
644
162
1060
2414
1345
1752
2071
1972
2042
397
424
543
468
728
1751
2410
317
570
334
1116
1806
293
999
1322
1390
1894
1507
480
1876
2199
1834
1480
2340
211
407
1040
1748
476
273
54
843
421
1095
1762
1282
514
2187
1318
119
1768
2218
276
508
972
135
270
923
1573
267
2209
428
1763
1750
1593
1703
381
1587
223
184
263
1234
236
795
1568
1411
344
879
1746
2517
2423
2268
1441
1539
1381
159
632
370
1153
2214
980
719
2183
353
2485
1769
1988
1043
646
2503
107
2549
2465
983
1285
2496
936
2248
1237
1038
2449
1287
942
890
994
1725
2123
2172
1011
1423
987
1008
1781
839
33
1497
1124
1688
1723
878
1801
1541
1718
1918
794
403
2102
909
873
2115
38
620
820
562
406
187
96
827
19
2146
1059
2064
2263
2265
1961
1935
1164
2272
1993
967
76
133
401
2418
608
595
1333
1141
1780
734
1816
1548
1344
1489
1450
1666
491
2015
151
2266
12
1670
1947
626
2425
1387
1741
91
778
338
568
2077
1051
800
423
1109
2024
2404
618
1517
53
1490
60
1306
2470
2356
1790
1324
1084
731
1810
1542
1956
1281
1537
1519
383
1524
400
848
557
2060
1965
520
1938
240
2504
2197
1256
2461
1230
948
1637
1250
2151
920
2271
2566
1483
874
495
2302
625
788
1071
2463
1581
2114
97
664
2459
212
1025
749
822
79
2488
2519
205
1788
437
1901
153
1481
814
2055
1435
697
2540
443
2349
2452
539
2361
1730
1042
455
759
2018
812
1019
1793
1017
1284
2128
2545
663
1159
1991
2543
367
1720
1338
1978
790
2168
137
1183
1323
2445
503
1090
1771
111
753
8
1772
369
300
865
1045
198
2474
1232
362
1190
914
1711
1185
1413
1929
1436
895
306
670
754
2216
894
599
2535
712
2565
1641
1632
1328
1056
1410
1945
343
1558
2324
1861
1973
1023
2388
1907
1425
245
1426
2478
1352
1520
2360
2551
2137
968
2548
485
2412
861
408
2179
181
1944
1681
1007
2491
805
1540
2012
493
706
1299
527
1367
432
1048
796
1414
547
831
426
2094
10
308
1942
2253
1658
382
551
1262
194
1457
2454
1494
150
1675
1057
1528
288
673
715
1697
665
643
917
1312
232
1860
1707
1926
1460
540
1888
1388
1578
592
1063
494
359
530
101
309
1174
2068
1252
252
2264
257
903
379
2198
1955
555
1529
130
2334
2389
1298
1582
680
2337
868
2523
735
654
945
1983
1139
2331
287
430
1967
396
2136
2555
2180
2073
294
2387
1072
797
2129
264
1044
939
451
1157
2287
1550
775
1384
345
2048
1974
2035
2366
2394
34
2379
2569
2230
2401
231
192
1452
2002
196
642
444
1196
2384
2082
2319
1551
2135
1066
1198
2203
2441
1676
1247
1976
26
1275
2229
241
726
2547
1729
2521
2442
1913
1365
1789
1866
2223
729
764
2201
1371
765
1968
2278
1098
474
2023
950
1207
1827
2021
1516
1575
479
1401
1946
1940
2426
1181
2184
470
2258
787
1027
1686
1082
910
1097
782
1764
1695
365
1099
641
1125
2065
521
576
1443
1178
244
297
1268
717
743
798
2336
534
388
1046
271
1546
169
1815
224
1657
1630
841
674
1376
2188
1898
2397
1639
40
1849
1805
342
1493
498
2154
42
463
108
1619
1727
230
1598
1745
138
593
1549
1500
559
733
505
2315
1791
17
837
467
1438
58
1211
1911
149
1152
613
1767
1971
678
1240
2182
2482
584
2432
2455
1820
2309
1167
1910
1105
2251
509
1869
419
386
274
860
2076
416
1134
954
1863
2568
791
2451
1308
767
1731
2235
1013
918
124
330
1336
653
687
2070
254
825
1998
1150
808
1844
2431
1563
1406
1606
1823
1761
2335
1855
2536
2249
2497
129
773
1070
2245
2141
668
2447
2532
1029
1904
106
2160
1034
1532
310
740
1586
2556
1884
449
147
1288
1064
390
262
736
69
1543
74
1358
1255
655
913
2085
2429
1502
427
139
594
532
2145
1964
1347
2162
1739
2174
1837
460
1975
1627
1969
1736
1864
2157
384
1512
278
574
2027
581
2281
1002
2373
1375
1559
499
2243
1735
1521
177
824
756
1829
1402
1733
2227
1171
781
1213
855
1583
1200
780
1853
598
1108
1466
888
422
1154
2403
548
2104
148
1611
1821
1259
1740
377
2215
2436
2260
1418
1808
2087
2563
1398
588
1832
2096
193
1835
2083
2323
851
2050
677
1204
490
506
582
1039
1664
1615
1514
2501
1305
136
732
1386
1895
1280
1663
2420
911
709
179
1354
3248
4767
4249
4993
2580
3115
3725
3056
4561
4063
4806
3053
4428
4317
4437
4407
3952
4441
4015
4483
4106
4868
4706
3144
4957
3164
4550
3471
4783
3217
3849
3105
2683
2745
3733
3693
3151
3441
3705
4077
4864
4265
3134
3905
2595
2884
4256
3436
4996
4811
4681
2835
2584
3158
3435
3327
2803
2572
3606
2849
4719
3035
4368
4216
3294
3291
3323
4458
3173
4874
4264
2598
3634
4210
2640
2858
3146
4636
3927
2907
4426
4890
4871
3454
2872
4356
4229
2815
3950
2585
3899
4914
4572
4522
4018
3934
3766
3747
2636
3102
3393
3094
3439
2786
3496
4824
3491
3753
3408
3006
4941
3152
4627
3079
3312
4622
3787
3062
3786
3016
3235
2678
4200
4377
4234
4028
4958
2676
4987
4547
4467
2931
4951
4809
4952
4634
4258
4760
3741
2684
4090
3002
3174
4253
691
296
2228
1862
391
456
1001
1915
1142
2207
2167
336
614
2001
1407
933
591
2352
1939
1952
603
331
1654
346
2010
1343
1680
1612
214
1721
2233
285
1845
658
636
1682
838
2014
1660
572
1404
441
2038
1155
2051
210
1454
772
282
1341
243
1102
962
971
134
1465
258
326
247
2427
1672
459
117
2560
847
2000
39
1705
510
1920
1985
573
250
1311
429
260
1191
1522
1870
943
154
2124
1145
2034
2240
128
22
695
302
2440
3
1536
1787
634
1289
738
1192
1018
2448
1121
904
1616
2422
1756
929
1015
1858
1917
1786
1143
922
1830
1329
1708
721
1706
2557
1883
2464
898
30
1684
1776
1554
1113
251
2063
1440
2074
44
702
2044
1092
1269
261
1774
1984
2
1825
1089
1600
1168
956
375
1455
2509
2093
842
1126
225
462
1951
1843
513
1006
2254
2347
982
1588
1062
1374
1104
2221
2112
1327
320
496
1919
1078
2398
122
1133
1094
571
1028
332
637
1451
566
1467
1241
207
705
512
2169
265
966
2518
1535
1107
784
1905
442
770
2252
2308
208
2025
718
21
1759
2133
744
2222
560
912
1605
36
892
793
935
89
538
2559
2554
2039
15
1058
2276
1182
450
867
142
277
125
2189
1479
1270
190
2262
2062
648
667
113
1492
533
529
2091
2443
215
420
488
2550
2231
1009
1212
1903
249
901
25
88
2178
1784
1595
158
1419
445
2479
1495
222
2467
523
1294
2058
64
176
141
1770
1161
2355
720
564
1431
100
392
415
1889
1313
681
1350
1960
62
1717
1427
2374
647
329
216
2170
998
1219
844
710
1613
2511
1527
1316
2358
289
1222
411
472
2462
869
1631
94
2191
1547
907
2534
776
714
2156
2483
960
1214
2515
1295
604
1628
2237
174
2078
1506
1796
569
1667
2365
1576
2469
816
92
341
350
291
552
1348
2155
7
2446
1496
2399
1785
1839
897
2092
1779
1824
1552
2383
13
2494
2381
1453
2359
27
1599
152
2140
1446
1649
761
1704
959
1856
1331
405
144
1749
458
1137
1569
1128
1296
1439
2217
2529
380
2173
1434
2522
355
1444
1980
1728
80
1335
1372
685
554
228
404
522
2066
316
2530
1458
1778
1245
364
1417
2376
2273
1702
2186
314
32
672
606
347
2415
1163
1361
752
1594
1130
1334
1696
701
1873
515
2477
475
1215
1792
1597
1409
374
969
1403
2330
1644
835
286
248
123
46
1187
372
975
818
2369
1828
115
1629
2293
170
1117
545
1184
2040
2328
856
1698
2492
2357
368
24
2026
597
434
1050
1379
322
72
183
1468
1263
2045
985
378
2450
1193
1065
102
803
755
1726
65
2303
622
1580
2487
1625
1086
627
1246
723
351
1865
1601
526
2472
1755
1362
2234
2005
2531
358
2453
1609
1380
2507
50
1896
114
1024
2438
1744
846
2322
2512
2321
1224
1021
1271
103
2466
1650
2274
1473
1303
51
2103
833
2367
2224
2226
1498
2416
1656
68
722
587
1472
684
1179
438
1283
1186
1274
2119
834
2296
928
1433
810
821
2121
305
1795
1562
172
1264
325
2385
1437
1591
1487
1553
2003
2147
279
2286
1430
1766
2061
2181
989
1096
2344
518
2108
473
70
1854
600
298
218
700
1662
1448
283
2375
482
1239
1397
1765
2290
1248
799
1267
2016
1112
1868
932
387
1802
1954
1251
1878
1378
1499
2546
771
957
676
500
1087
1691
1349
1085
1892
1757
1538
1162
1189
2116
2117
550
774
525
596
2212
567
2341
2306
1847
1088
2283
857
1819
1188
2165
1199
1525
399
974
93
2316
1242
1260
1231
2510
220
1075
1737
1016
1881
504
1922
259
1900
99
180
1020
1314
1655
235
1643
583
692
2057
850
2118
2084
2537
2495
1633
2110
1201
2353
563
859
804
906
2238
801
1840
2196
826
507
704
1291
2177
1047
1209
580
1115
537
1661
2408
1811
1990
1442
1221
751
0
628
2508
1363
1326
2458
315
1357
747
2256
161
446
175
1732
1807
511
2538
2020
2444
1475
1360
541
662
340
497
1079
713
2247
2437
698
188
1848
160
866
2333
2017
2400
807
1206
1818
953
615
349
323
1753
1927
393
1003
395
95
2434
902
1533
1530
1742
2539
1424
586
2282
2149
84
1803
1891
1685
145
1931
883
77
2299
1225
2320
565
1166
2380
623
14
360
105
2351
2343
1930
1799
335
2285
1456
1804
363
2502
716
2152
2544
1577
1652
611
2368
2490
354
1463
2006
1216
946
448
1715
2407
768
1885
1556
1689
2220
2259
1872
1743
711
1783
1014
28
37
1033
2342
947
255
418
1626
1382
919
2270
760
2457
486
2241
2052
471
683
854
35
78
727
2200
131
1170
2520
1004
269
164
1356
2028
1560
2339
725
2484
2022
926
1243
484
2171
45
1709
1474
156
2468
777
299
949
1405
1030
1775
90
882
200
2318
1937
1604
1488
1301
1300
2301
1585
189
2288
2307
2295
2310
870
1229
2158
815
2405
1962
937
1119
1160
2161
682
2175
607
1584
2541
955
585
191
549
1276
1564
2142
887
2372
2047
2297
1936
813
339
629
965
940
845
1218
1693
2185
394
2364
1617
707
1478
1608
2159
2332
785
2164
1886
1394
186
1321
1623
2428
1000
2166
2033
1236
1602
602
535
536
2417
219
1370
1122
1366
155
1279
2204
2225
1257
1674
201
575
748
2072
1510
973
2392
1838
1526
1235
1210
66
2097
1482
1180
941
2202
631
1508
195
1144
447
2009
1690
1534
1123
410
312
1317
1831
2513
2558
1392
2081
1782
993
621
431
884
1503
2056
1228
1712
1877
2013
840
116
2327
1010
2041
829
1195
73
376
1669
2049
544
1714
1377
990
481
2480
1716
5
1959
1634
997
2211
11
988
1794
171
1994
750
1127
229
121
1148
361
938
1607
2267
2542
1914
49
1653
2346
849
1966
120
1734
2067
1083
1351
1286
2311
590
1722
1391
925
1754
2439
307
1396
2011
2312
978
1813
1277
59
2413
651
1906
1173
2406
1592
1266
863
577
98
2090
1659
253
2244
1995
1470
553
238
1879
875
1049
1131
638
1747
1614
2292
1671
1307
328
2107
1309
1149
1165
2019
689
2079
204
1908
1902
2138
1566
1557
1713
876
1777
589
724
2567
2514
1486
281
1359
385
9
1934
2525
1822
292
126
31
2304
1867
202
1395
616
2562
896
1077
2460
2190
708
811
256
2131
561
1054
266
1355
1887
1933
1337
1893
2476
1464
1699
763
57
1135
1041
501
1504
737
2395
2506
197
1462
2277
1620
1416
1874
1194
612
2086
1673
1710
2008
877
1963
1330
880
927
1871
924
71
1842
2125
2127
858
47
389
2106
905
1383
2275
132
1760
1826
461
61
2371
2069
157
746
1385
2030
558
2279
657
1076
1233
1319
2031
944
2095
1518
109
1332
409
435
617
1571
1278
1677
1031
2054
1491
1949
1156
2411
1574
1992
1694
275
321
809
1912
1101
1
1899
1461
2291
1651
2246
1068
1053
213
899
1067
1678
2391
976
1302
2524
23
82
1981
1272
853
2345
1422
1320
2134
2435
769
745
517
4
2382
1859
1073
2499
304
1724
1103
324
2113
766
556
127
1700
881
1544
1484
226
1140
1857
762
546
2004
757
146
739
2489
295
2239
630
2421
1797
693
1146
199
1292
1648
1545
1032
1055
970
885
3707
3457
2769
2737
2573
3340
4320
3666
4791
3946
3709
4796
2657
3095
4663
3970
4886
4815
4040
2954
4938
2627
4986
2774
3195
3231
4372
3189
3191
3552
3908
4757
3301
4926
4353
4112
3429
3745
2801
3519
4326
3388
2955
3906
4473
2937
3873
3293
3900
4291
2736
3186
3227
2941
3996
3329
4942
4117
4465
2699
3129
3708
4151
4290
4065
3497
4162
3752
4123
2790
2778
2593
4975
4304
3140
4099
2805
3014
4289
4715
3536
3894
4288
4916
3464
3357
2950
3982
3954
3347
2797
3470
3973
4098
2856
3762
3353
4380
3234
2809
3641
4836
4472
3163
2728
3474
3500
4069
3731
3930
4230
2516
783
2139
1399
1035
1668
140
1129
221
75
303
2261
852
1621
239
1469
2029
1227
2473
633
1817
1679
2126
694
2533
2433
1342
1429
327
871
2498
832
464
2348
2089
52
2210
1172
1948
1738
1258
439
178
1932
1909
1572
104
29
671
891
1485
1110
1340
436
650
1244
1624
984
1202
2396
483
1622
272
1501
979
2098
661
2059
453
237
886
915
110
579
1950
1449
487
986
669
2505
2205
477
1151
1005
741
233
337
2105
652
1958
1875
1996
934
2037
1957
2354
2456
2088
931
1118
1346
963
1290
1400
2132
2232
166
2130
893
2143
789
1850
85
2150
1773
1692
1176
1273
83
1226
16
1253
2111
1841
900
1036
2552
639
862
1061
578
1687
1265
2370
1719
2362
624
6
1026
2471
2176
524
1982
666
1074
56
1389
823
112
412
828
1567
217
699
425
605
2213
2250
1846
1412
1106
610
2007
601
2153
2219
1636
165
2046
1100
1254
1175
1069
2493
1373
2313
2338
2377
619
352
173
786
1523
1646
1979
413
1916
951
1091
908
1415
688
478
1205
2194
20
519
742
1642
87
675
995
163
185
991
1445
2192
1999
779
1590
1989
1114
1555
2101
1310
454
1315
203
2242
280
1814
690
1138
1882
1812
1921
1368
1353
2553
2043
1293
466
958
489
2430
2053
1217
357
182
792
18
2032
1890
806
1297
961
635
1093
311
465
2195
417
2099
2402
1022
55
1052
167
2350
930
703
41
1136
452
1923
1928
1197
1120
1515
864
1565
2527
1561
2957
3088
4108
3126
4266
4122
3012
3437
3165
3803
4237
4394
3091
4631
3272
2971
3988
2587
4406
3727
4068
3318
3060
4275
2574
3830
3082
4245
3914
3385
4324
3743
3064
4074
4188
3630
3273
3932
4301
4276
4226
3521
2846
3417
2962
4721
2958
2771
4493
3206
3644
3897
2659
4364
3262
4910
4008
4832
4283
4300
4729
4523
4269
2900
4270
3835
3661
4818
3219
2895
3706
3796
3136
4619
4617
4833
4396
4947
4525
2917
3811
3298
3228
4054
4257
3995
3518
4294
4443
3764
3343
2697
3888
4845
3260
3377
3664
3621
3207
4273
4209
4027
3605
4127
3199
2716
4793
3539
4101
2776
3506
3302
3198
3481
4820
4502
3005
4924
4403
4329
2619
4378
4585
4680
3237
4887
3282
4733
4764
4784
3194
3314
4495
3400
3184
2853
4306
3884
2861
3967
3728
3691
4667
2811
4847
4813
2868
4183
3210
4505
3911
4280
4140
4927
4093
2873
2740
3560
4094
4567
3458
2760
3798
3125
4856
4905
3130
4336
3593
3525
3098
2614
4478
4404
3922
2863
2623
3019
3665
3554
2753
3613
4661
3977
3465
4030
3599
4227
4647
3824
3636
4147
2897
3065
2673
4542
4206
4195
3392
3430
3711
4395
4194
2702
3653
3275
4025
4365
2630
4867
4677
3073
4192
3459
4004
3958
2908
3836
2956
4241
4072
4625
2624
4600
3943
4566
3718
3267
3280
3444
4817
2951
4196
4676
2601
3692
4013
4769
2582
4579
4295
4109
2869
3533
3917
4251
4223
4716
2638
4866
2796
4006
4366
3307
4955
3562
3586
2694
3027
3224
4912
3658
4624
3773
3652
4861
3339
3375
4571
3196
2600
4679
3802
2635
2838
4455
3683
3081
3257
4922
2750
2660
4846
2910
3363
2990
3568
3306
3331
2603
3447
4883
2596
4247
2591
4777
4082
2921
4092
4232
4449
3645
4698
4293
2970
3211
3492
2916
2816
3968
2744
3663
3453
4903
2672
3274
3655
4322
3477
4454
2822
3829
4717
2875
4511
4397
3263
3584
3608
4816
3781
3036
3087
3197
4201
4279
2637
3590
3736
3893
2648
4654
3771
3576
3569
2877
3551
3817
4725
3154
3502
2819
2747
3746
3364
2734
2693
3118
2662
4923
3850
3328
4414
4410
4221
2709
3003
3359
3379
3037
4155
2690
2969
4642
3061
3856
3030
3269
3635
4985
4541
3933
4236
3423
3209
3351
4388
4906
4650
3041
3025
3295
2642
3680
4995
3763
4338
3750
4358
3099
4041
3759
4141
3093
3944
4321
3822
2944
3396
2892
2923
3971
3991
3939
3656
3864
3192
3700
4855
3857
4800
4946
3368
3941
3344
4953
2866
3632
3413
3478
3769
4782
2767
3626
4853
3986
2855
4516
3732
3046
3370
2949
3654
3989
4429
3403
4790
4313
4981
2617
4490
3139
3288
4839
4047
3858
4218
4121
4869
3448
3507
2890
4920
3418
4190
3767
3979
4933
3460
3915
3794
4420
4461
2589
4305
3182
3243
2576
4720
3007
2718
3937
4538
3176
4514
2976
2757
4842
4382
3349
4498
4587
2712
2986
3724
2867
3572
4363
2800
4998
4440
3603
2978
3701
4558
2665
3947
4435
3585
2590
2983
3719
3310
4224
3754
2653
3212
2780
4596
4773
3716
3614
4848
4699
4507
2999
3804
4753
3810
4023
4024
4662
3063
4962
2880
4703
3868
3697
4609
4002
3730
2799
4484
4097
3577
3373
4737
3040
4849
4705
4949
4778
4103
4005
4344
3090
4862
3015
2571
4260
2942
3380
3779
2968
4130
2755
4637
4889
3910
4888
4177
4212
4373
3420
4751
4102
2848
3545
4228
2975
3686
2828
3490
3431
4553
3895
3218
4574
3055
2768
3172
4456
3612
3077
4430
4834
3597
4930
3476
3865
2688
4217
3715
3777
3201
4174
4010
3480
3203
3138
3570
3170
2981
2843
4176
2634
4332
3859
4248
3949
2812
4829
3543
4169
3931
4944
3131
4459
4211
4337
2742
4819
4528
2611
3935
4476
2994
4638
4469
4940
4859
4775
3874
4447
3760
3526
3807
3031
4761
4645
4370
3838
4843
2732
3033
4235
3629
4239
3462
4533
3111
4545
2625
4798
4333
4415
3047
4014
4419
2722
3085
3999
3410
2708
4357
3011
3622
4707
3100
3229
3843
3181
4691
2752
2675
3984
3631
3395
3704
2965
3214
4086
3898
4931
4182
4501
3823
3487
4882
3768
4875
2927
4346
4207
4779
4408
4891
3797
3789
3362
4515
3071
3870
4450
2613
3433
4345
2578
3938
3276
3345
4129
3188
4444
3300
3565
4580
4653
3778
4139
4913
3594
3814
2840
2829
3983
4898
2842
3103
3928
3319
4179
3097
3008
2979
3245
4771
4057
2844
3264
3975
4732
4697
4189
4573
4011
4056
3660
3642
2647
2679
4966
4398
4114
3341
3127
4503
4656
3538
3831
2813
3222
3761
4409
3177
3907
3990
4185
4739
2738
4033
3698
3842
2748
4911
2854
2920
2925
3573
3936
2798
3550
4489
2914
2998
2602
4731
4439
3596
2743
3997
3178
4755
2770
4091
2825
3527
3921
4510
2588
2860
4605
2644
4278
4518
4597
4792
3335
3168
2761
4900
4850
3520
2936
3885
4166
3682
2807
4537
4133
3022
4660
4948
4881
3149
3221
3712
4610
3348
4690
4614
4355
3972
4003
2898
4665
3169
4629
2933
4570
4451
3757
2700
4974
4272
4513
4168
3639
3890
4079
3080
3409
4840
3404
2639
4877
4302
4562
3532
2795
2919
3066
3268
3714
3352
2820
4361
3672
4512
4880
3646
3050
4734
4759
3785
4789
3600
3247
3504
4901
4246
3916
3137
3313
4884
2608
3475
3001
3451
3575
3443
3052
3548
4838
4031
4172
4738
2692
3961
2808
4137
4238
4066
4088
4607
4424
3106
4165
3261
2773
3114
2862
3054
3919
4980
3806
3638
3422
3742
4971
4470
3255
3662
2972
3233
2632
3881
2621
4160
2831
4124
2633
3740
4630
3695
3374
3092
4772
3670
3367
2677
3517
2592
4908
3265
2680
2706
4330
3281
4902
2749
4765
3871
2726
3232
3879
2721
4048
3929
3792
2896
3955
4878
4297
2597
3086
3886
2794
3962
3953
4351
2674
4711
3571
2977
4309
4909
3389
4589
3607
3213
4586
4136
4292
4559
3579
3333
4785
4116
3171
3840
4945
4701
4314
4277
3220
4267
3846
4286
2806
4203
4557
4830
4674
3611
3993
2670
4225
3369
3923
3382
3926
3839
3508
3200
4000
2756
4756
3587
4242
3342
4107
3657
4633
3483
4367
3940
3045
2902
4807
2658
4017
3957
4173
3075
2730
4641
4508
3250
3089
3650
3677
3770
2626
4445
4271
3861
4075
3285
3813
3851
4984
4678
3942
4001
3326
3305
3880
4683
4709
2628
3057
4612
2818
4752
4255
4061
4628
3153
4385
3446
2847
3751
3332
4481
3286
4164
3068
2783
3847
4823
4990
3128
4153
4925
3482
4205
4371
4499
3029
4423
4686
4220
3142
3466
4748
4452
4552
4287
3258
2607
3017
4163
3449
2654
4045
4149
2715
4339
3675
4578
2775
4718
4564
3414
3998
3256
4603
4994
4480
4795
3676
3143
2992
4307
3399
4067
3175
3678
4193
4111
3559
3355
3216
3334
4191
3948
3976
2733
4632
3485
4977
3132
2763
4736
4434
3338
3358
3510
2788
3620
3710
2656
3826
4119
3193
4494
4261
3117
3617
3145
3598
4412
4885
4341
2620
4988
2610
3407
4037
4312
4977 4978
186 187
4982 4983
68 70
90 91
26 27
26 27
222 224
101 102
196 199
43 44
125 126
4982 4983
217 218
124 125
4866 4867
180 181
4864 4865
4867 4868
4848 4849
4807 4808
4788 4790
4958 4959
96 97
4925 4926
49 50
69 70
4846 4847
4820 4821
4823 4824
4822 4823
194 195
4807 4808
4766 4768
4836 4837
4923 4924
159 161
158 159
4775 4777
191 193
4820 4821
4865 4866
4866 4867
4902 4904
4839 4841
4906 4907
84 85
15 16
14 15
4892 4893
23 24
192 193
4864 4866
4863 4864
154 155
108 109
54 55
4824 4825
34 35
114 115
30 32
4846 4847
4846 4847
4843 4844
4892 4895
205 206
4770 4771
121 123
114 115
158 159
157 158
96 97
4795 4796
62 63
4779 4780
4777 4779
4789 4790
4863 4864
18 19
17 18
4783 4785
4761 4763
145 147
145 146
43 45
201 202
123 124
32 34
4810 4813
143 144
142 143
199 200
193 194
4758 4759
4757 4758
4734 4735
4734 4735
4818 4819
4809 4810
25 26
2 3
1 3
4847 4850
4730 4731
4729 4730
4736 4737
19 20
19 20
18 20
17 22
169 170
78 79
65 70
64 65
87 88
87 88
47 49
13 14
4756 4757
4756 4758
48 50
3584 3585
3584 3585
3584 3585
3584 3585
3583 3584
3583 3584
73 74
110 111
109 111
109 110
122 123
4688 4690
4687 4688
4731 4732
4728 4731
4727 4728
4727 4728
4726 4727
4802 4803
4801 4802
76 78
4751 4752
127 128
127 130
4804 4805
4802 4804
4704 4706
65 66
4682 4683
4680 4682
4679 4682
4719 4720
4675 4676
4675 4676
81 82
169 170
116 117
4722 4723
4720 4722
4719 4720
4714 4720
4678 4680
4677 4678
2639 2640
2639 2640
2639 2640
2639 2640
2638 2639
2638 2639
2637 2638
2637 2638
2637 2638
2636 2637
164 165
4724 4725
4712 4714
4670 4671
119 122
117 119
141 144
138 141
4734 4735
4684 4685
4684 4685
14 16
32 34
31 33
31 32
130 131
90 91
90 91
92 94
4637 4638
4636 4640
4693 4694
4693 4695
4692 4693
4690 4692
4689 4690
6 7
3532 3533
3532 3533
3532 3533
3532 3533
3532 3533
3532 3533
3532 3533
3532 3533
26 27
23 27
4658 4659
4687 4688
4686 4689
4686 4688
4652 4654
15 17
1 3
0 3
0 2
124 125
4622 4623
4622 4623
4621 4622
33 34
32 33
1347 1348
1347 1348
1346 1347
1346 1347
1346 1347
1345 1346
1344 1345
1343 1344
1343 1344
1342 1343
1342 1343
1342 1343
1341 1342
1340 1341
1340 1341
1340 1341
1340 1341
1340 1341
1339 1340
1339 1340
1338 1339
1338 1339
1337 1338
1337 1338
1336 1337
1336 1337
1336 1337
4079 4080
4589 4592
4588 4589
103 104
65 66
61 62
60 62
59 61
58 60
56 59
93 94
93 95
4614 4616
4612 4615
4064 4065
4063 4064
4062 4063
4061 4062
4060 4061
4059 4060
4059 4060
4058 4059
4058 4059
4058 4059
4058 4059
4057 4058
4057 4058
18 19
17 18
16 18
3469 3470
3469 3470
3469 3470
3469 3470
3468 3469
3467 3468
28 29
2 6
64 65
3460 3461
3459 3460
3458 3459
3458 3459
3457 3458
3457 3458
3457 3458
3457 3458
3457 3458
3457 3458
3456 3457
3456 3457
3456 3457
3455 3456
29 30
27 30
76 77
74 77
87 88
86 87
76 77
73 78
36 37
36 39
3434 3435
3434 3435
3434 3435
3434 3435
3433 3434
3432 3433
3432 3433
3432 3433
3431 3432
3430 3431
3429 3430
3429 3430
3429 3430
3428 3429
3428 3429
3428 3429
3428 3429
3427 3428
3427 3428
3426 3427
3425 3426
66 67
82 83
82 83
81 82
81 82
79 82
5 6
5 6
10 11
74 75
4 7
4528 4529
4527 4530
4527 4529
25 27
23 25
2774 2775
2773 2774
2773 2774
2773 2774
2773 2774
2772 2773
2771 2772
2771 2772
2771 2772
2770 2771
2769 2770
2768 2769
2768 2769
2767 2768
2766 2767
2765 2766
2764 2765
2764 2765
2763 2764
2763 2764
2762 2763
2761 2762
2761 2762
2760 2761
2759 2760
2759 2760
2759 2760
2758 2759
2758 2759
2758 2759
2757 2758
2756 2757
2756 2757
2755 2756
2755 2756
2755 2756
2754 2755
2753 2754
2752 2753
2752 2753
2752 2753
2752 2753
2752 2753
2751 2752
2751 2752
2750 2751
2750 2751
2750 2751
2749 2750
2749 2750
2748 2749
4469 4471
4450 4451
4434 4435
4433 4434
25 26
24 25
22 25
3349 3350
3348 3349
3347 3348
3346 3347
3346 3347
3346 3347
3345 3346
3344 3345
3343 3344
3342 3343
3341 3342
3341 3342
3340 3341
3340 3341
3340 3341
3340 3341
3340 3341
3339 3340
3339 3340
3338 3339
3337 3338
3336 3337
3336 3337
3335 3336
3334 3335
3333 3334
3332 3333
3331 3332
14 15
13 14
10 13
6 10
28 29
26 29
25 29
3865 3866
3865 3866
3865 3866
3865 3866
3864 3865
3863 3864
3863 3864
3863 3864
3862 3863
3862 3863
3862 3863
3861 3862
1249 1250
1249 1250
1249 1250
1249 1250
1249 1250
1248 1249
1248 1249
1248 1249
1248 1249
1247 1248
1247 1248
1246 1247
1245 1246
1245 1246
1244 1245
1243 1244
1242 1243
1242 1243
1242 1243
1241 1242
1240 1241
2460 2461
2460 2461
2459 2460
2458 2459
2457 2458
2457 2458
2457 2458
2457 2458
2457 2458
2456 2457
2455 2456
2455 2456
2454 2455
2453 2454
2453 2454
2453 2454
2453 2454
2452 2453
2451 2452
2450 2451
2449 2450
2448 2449
2448 2449
2448 2449
2447 2448
2446 2447
2446 2447
2446 2447
2446 2447
2445 2446
2444 2445
2444 2445
2443 2444
2442 2443
2442 2443
2441 2442
2441 2442
2440 2441
2440 2441
2440 2441
2439 2440
2438 2439
2437 2438
2436 2437
2435 2436
2435 2436
2435 2436
2435 2436
2434 2435
2434 2435
2434 2435
2434 2435
2433 2434
2433 2434
2433 2434
2433 2434
2433 2434
2432 2433
2432 2433
2432 2433
2431 2432
2431 2432
2431 2432
2430 2431
2430 2431
2429 2430
2428 2429
2428 2429
2427 2428
2426 2427
2426 2427
2425 2426
2424 2425
2424 2425
2423 2424
2422 2423
2421 2422
2421 2422
2420 2421
2420 2421
2419 2420
2418 2419
2418 2419
2418 2419
2418 2419
4268 4270
4267 4268
4267 4269
17 18
17 20
17 19
17 22
1229 1230
1229 1230
1229 1230
1229 1230
1228 1229
1227 1228
1226 1227
1226 1227
1225 1226
1225 1226
1224 1225
1223 1224
1222 1223
1221 1222
1220 1221
1219 1220
1218 1219
1218 1219
1217 1218
1216 1217
1215 1216
1215 1216
20 24
3171 3172
3170 3171
3170 3171
3170 3171
3170 3171
3170 3171
3170 3171
3170 3171
3169 3170
3168 3169
3168 3169
3167 3168
3167 3168
3166 3167
3166 3167
3166 3167
3165 3166
3165 3166
4207 4208
4206 4207
4205 4207
4201 4206
4211 4214
4207 4211
4207 4208
4206 4211
3164 3165
3164 3165
3163 3164
3163 3164
3162 3163
3162 3163
3161 3162
3161 3162
3160 3161
3160 3161
3160 3161
3160 3161
3159 3160
3158 3159
3157 3158
3156 3157
3156 3157
3156 3157
3156 3157
3155 3156
3155 3156
3155 3156
3155 3156
3155 3156
3155 3156
3155 3156
3155 3156
3155 3156
3155 3156
3154 3155
3153 3154
3152 3153
3151 3152
3151 3152
3151 3152
3150 3151
3149 3150
3149 3150
3148 3149
3147 3148
3147 3148
3146 3147
3146 3147
3146 3147
3146 3147
3146 3147
3145 3146
3144 3145
3144 3145
4149 4150
4149 4150
4148 4152
3143 3144
3142 3143
3141 3142
3140 3141
3140 3141
3139 3140
3138 3139
3137 3138
3137 3138
3136 3137
3135 3136
3135 3136
3135 3136
3135 3136
3135 3136
3135 3136
3134 3135
3134 3135
3133 3134
3132 3133
3132 3133
3131 3132
3131 3132
3130 3131
3129 3130
3128 3129
3127 3128
3126 3127
3125 3126
3125 3126
3124 3125
3124 3125
3124 3125
3124 3125
3124 3125
3124 3125
3124 3125
3124 3125
3124 3125
3123 3124
3122 3123
3122 3123
3122 3123
3121 3122
3121 3122
3121 3122
3121 3122
3120 3121
3119 3120
3118 3119
3117 3118
3117 3118
3116 3117
3116 3117
3115 3116
3114 3115
3114 3115
3113 3114
3113 3114
3112 3113
3112 3113
3112 3113
3111 3112
3110 3111
3109 3110
3109 3110
3108 3109
3107 3108
3107 3108
3106 3107
3105 3106
3105 3106
3104 3105
3104 3105
3103 3104
3103 3104
3103 3104
3103 3104
3103 3104
3102 3103
3102 3103
3102 3103
3101 3102
3100 3101
3100 3101
3100 3101
3100 3101
3100 3101
3100 3101
3099 3100
3099 3100
3099 3100
3098 3099
3097 3098
3097 3098
3096 3097
3096 3097
3096 3097
3095 3096
3094 3095
3094 3095
3094 3095
3093 3094
3093 3094
3092 3093
3092 3093
3091 3092
3090 3091
3089 3090
3088 3089
3088 3089
3087 3088
3087 3088
3086 3087
3085 3086
3085 3086
3084 3085
3084 3085
3083 3084
3082 3083
3082 3083
3082 3083
3081 3082
2380 2381
2380 2381
2380 2381
2379 2380
2379 2380
2378 2379
2378 2379
2377 2378
2377 2378
2377 2378
2377 2378
2376 2377
2375 2376
2375 2376
2374 2375
2373 2374
2373 2374
2373 2374
2372 2373
2372 2373
2372 2373
2372 2373
2371 2372
2371 2372
2370 2371
2369 2370
2368 2369
2367 2368
2367 2368
2367 2368
2366 2367
2365 2366
2364 2365
2363 2364
2363 2364
2362 2363
2362 2363
2361 2362
2360 2361
2359 2360
2358 2359
2357 2358
2356 2357
2356 2357
2356 2357
2356 2357
2355 2356
2354 2355
2354 2355
2353 2354
2352 2353
2351 2352
2350 2351
2350 2351
2349 2350
2349 2350
2349 2350
2348 2349
2347 2348
2346 2347
2345 2346
2344 2345
2344 2345
2344 2345
2344 2345
2343 2344
2343 2344
2343 2344
2343 2344
2342 2343
2342 2343
2341 2342
2341 2342
2341 2342
2341 2342
2341 2342
2341 2342
2340 2341
2339 2340
2339 2340
2339 2340
2338 2339
2338 2339
2338 2339
2337 2338
2337 2338
2336 2337
2336 2337
2335 2336
2335 2336
2334 2335
2333 2334
2332 2333
2332 2333
2332 2333
2331 2332
2330 2331
2330 2331
2329 2330
2329 2330
2328 2329
2327 2328
2327 2328
2327 2328
2327 2328
2326 2327
2326 2327
2325 2326
2324 2325
2324 2325
2324 2325
2323 2324
2322 2323
2322 2323
2322 2323
2322 2323
2322 2323
2321 2322
2321 2322
2321 2322
2320 2321
2320 2321
2320 2321
2319 2320
2319 2320
2318 2319
2318 2319
2318 2319
2318 2319
2317 2318
2317 2318
2317 2318
2317 2318
2317 2318
2317 2318
2316 2317
2316 2317
2315 2316
2315 2316
2314 2315
2313 2314
2313 2314
2312 2313
2312 2313
2312 2313
2312 2313
2311 2312
2311 2312
2311 2312
2311 2312
2311 2312
2310 2311
2310 2311
2310 2311
2309 2310
2308 2309
2307 2308
2307 2308
2306 2307
2305 2306
2304 2305
2304 2305
2304 2305
2304 2305
2304 2305
2304 2305
2303 2304
2302 2303
2301 2302
2300 2301
2299 2300
2299 2300
2298 2299
2297 2298
2296 2297
2296 2297
2296 2297
2295 2296
2294 2295
2294 2295
2293 2294
2293 2294
2292 2293
2291 2292
2291 2292
2290 2291
2289 2290
2289 2290
2288 2289
2288 2289
2287 2288
2286 2287
2286 2287
2286 2287
2285 2286
2285 2286
2285 2286
2285 2286
2284 2285
2284 2285
2283 2284
2283 2284
2283 2284
2283 2284
2283 2284
2283 2284
2282 2283
2281 2282
8 10
5 9
4 6
4 7
0 5
1194 1195
1193 1194
1192 1193
1191 1192
1191 1192
1191 1192
1190 1191
1190 1191
1189 1190
1188 1189
1188 1189
1187 1188
1187 1188
1187 1188
1186 1187
1186 1187
1185 1186
1184 1185
1183 1184
1182 1183
1181 1182
1180 1181
1179 1180
1179 1180
1179 1180
1179 1180
1178 1179
1177 1178
1176 1177
1175 1176
1174 1175
1174 1175
1174 1175
1174 1175
1173 1174
1172 1173
1172 1173
1172 1173
1171 1172
1170 1171
1169 1170
1169 1170
1168 1169
1168 1169
1167 1168
1166 1167
1166 1167
1165 1166
1164 1165
1163 1164
1163 1164
1163 1164
1163 1164
1163 1164
1162 1163
1162 1163
1161 1162
1160 1161
1159 1160
1159 1160
1158 1159
1157 1158
1156 1157
1156 1157
1155 1156
1154 1155
1153 1154
1153 1154
1153 1154
1153 1154
1153 1154
1153 1154
1152 1153
1151 1152
1150 1151
1149 1150
1149 1150
1149 1150
1148 1149
1147 1148
1147 1148
1146 1147
1146 1147
1145 1146
1144 1145
1143 1144
1142 1143
1141 1142
1141 1142
1140 1141
1139 1140
1138 1139
1138 1139
1137 1138
1136 1137
1135 1136
1134 1135
1134 1135
1133 1134
1132 1133
1132 1133
1132 1133
1132 1133
1131 1132
1131 1132
1130 1131
1130 1131
1129 1130
1129 1130
1128 1129
1128 1129
1128 1129
1128 1129
1127 1128
1126 1127
1126 1127
1126 1127
1126 1127
1126 1127
1126 1127
1126 1127
1126 1127
1125 1126
1124 1125
1124 1125
1123 1124
1122 1123
1121 1122
1121 1122
1120 1121
1120 1121
1119 1120
1118 1119
1117 1118
1116 1117
1115 1116
1114 1115
1113 1114
1112 1113
1112 1113
1111 1112
1111 1112
1110 1111
1110 1111
1109 1110
1109 1110
1109 1110
1109 1110
1109 1110
1108 1109
1107 1108
1106 1107
1106 1107
1105 1106
1104 1105
1104 1105
1104 1105
1104 1105
1104 1105
1104 1105
1104 1105
1104 1105
1103 1104
1103 1104
1102 1103
1101 1102
1100 1101
1099 1100
1099 1100
1098 1099
1098 1099
1097 1098
1097 1098
1097 1098
1096 1097
1096 1097
1096 1097
1095 1096
1094 1095
1093 1094
1092 1093
1091 1092
1090 1091
1090 1091
1089 1090
1088 1089
1088 1089
1087 1088
1087 1088
1087 1088
1087 1088
1087 1088
1087 1088
1087 1088
1087 1088
1087 1088
1087 1088
1087 1088
1087 1088
1087 1088
1086 1087
1086 1087
1086 1087
1085 1086
1085 1086
1084 1085
1084 1085
1084 1085
1083 1084
1082 1083
1082 1083
1082 1083
1081 1082
1080 1081
1080 1081
1079 1080
1079 1080
1079 1080
1079 1080
1078 1079
1078 1079
1077 1078
1076 1077
1076 1077
1075 1076
1075 1076
1074 1075
1073 1074
1073 1074
1072 1073
1072 1073
1071 1072
1071 1072
1070 1071
1070 1071
1070 1071
1070 1071
1069 1070
1068 1069
1068 1069
1068 1069
1068 1069
1068 1069
1068 1069
1068 1069
1067 1068
1067 1068
1066 1067
1066 1067
1065 1066
1065 1066
1064 1065
1063 1064
1062 1063
1061 1062
1060 1061
1060 1061
1059 1060
1058 1059
1058 1059
1057 1058
1056 1057
1055 1056
1055 1056
1054 1055
1054 1055
1054 1055
1054 1055
1053 1054
1053 1054
1053 1054
1052 1053
1052 1053
1052 1053
1051 1052
1050 1051
1049 1050
1048 1049
1048 1049
1048 1049
1048 1049
1048 1049
1047 1048
1046 1047
1046 1047
1045 1046
1044 1045
1044 1045
1043 1044
1042 1043
1042 1043
1042 1043
1042 1043
1042 1043
1042 1043
1042 1043
1041 1042
1041 1042
1041 1042
1040 1041
1040 1041
1039 1040
1038 1039
1038 1039
1038 1039
1038 1039
1037 1038
1037 1038
1036 1037
1036 1037
1036 1037
1036 1037
1035 1036
1034 1035
1033 1034
1032 1033
1032 1033
1032 1033
1031 1032
1030 1031
1030 1031
1029 1030
1028 1029
1028 1029
1027 1028
1026 1027
1026 1027
1026 1027
1026 1027
1026 1027
1026 1027
1025 1026
1024 1025
2971 2972
2970 2971
2970 2971
2970 2971
2970 2971
2970 2971
2970 2971
2970 2971
2969 2970
2969 2970
2968 2969
2967 2968
2967 2968
2967 2968
2967 2968
2966 2967
2965 2966
2965 2966
2964 2965
2963 2964
2962 2963
2962 2963
2962 2963
2961 2962
2960 2961
2959 2960
2958 2959
2958 2959
2957 2958
2956 2957
2956 2957
2955 2956
2955 2956
2955 2956
2955 2956
2955 2956
2955 2956
2954 2955
2954 2955
2953 2954
2953 2954
2953 2954
2952 2953
2952 2953
2952 2953
2952 2953
2952 2953
2952 2953
2952 2953
2951 2952
2950 2951
2949 2950
2948 2949
2947 2948
2946 2947
2946 2947
2945 2946
2944 2945
2944 2945
2944 2945
2943 2944
2943 2944
2942 2943
2942 2943
2941 2942
2941 2942
2941 2942
2941 2942
2941 2942
2941 2942
2940 2941
2940 2941
2939 2940
2939 2940
2938 2939
2937 2938
2936 2937
2936 2937
2935 2936
2935 2936
2935 2936
2934 2935
2933 2934
2932 2933
2932 2933
2931 2932
2931 2932
2930 2931
2929 2930
2929 2930
2929 2930
2929 2930
2929 2930
2928 2929
2927 2928
2926 2927
2925 2926
2924 2925
2924 2925
2924 2925
2923 2924
2922 2923
2921 2922
2921 2922
2921 2922
2921 2922
2920 2921
2919 2920
2919 2920
2919 2920
2918 2919
2918 2919
2918 2919
2917 2918
2917 2918
2916 2917
2916 2917
2915 2916
2915 2916
2914 2915
2913 2914
2913 2914
2913 2914
2913 2914
2913 2914
2913 2914
2912 2913
2911 2912
2910 2911
2910 2911
2909 2910
2909 2910
2908 2909
2908 2909
2908 2909
2907 2908
2907 2908
2907 2908
2907 2908
2907 2908
2906 2907
2905 2906
2905 2906
2905 2906
2905 2906
2904 2905
2904 2905
2903 2904
2903 2904
2902 2903
2902 2903
2901 2902
2900 2901
2899 2900
2898 2899
2897 2898
2896 2897
2895 2896
2895 2896
2895 2896
2895 2896
2895 2896
2895 2896
2894 2895
2893 2894
2893 2894
2893 2894
2893 2894
2892 2893
2892 2893
2892 2893
2892 2893
2891 2892
2891 2892
2891 2892
2891 2892
2891 2892
2890 2891
2889 2890
2888 2889
2888 2889
2888 2889
2887 2888
2887 2888
2886 2887
2885 2886
2884 2885
2883 2884
2883 2884
2882 2883
2882 2883
2881 2882
3285 3286
3284 3285
3284 3286
3281 3286
1932 1933
1932 1933
1932 1933
1932 1933
1931 1932
1931 1932
1930 1931
1930 1931
1930 1931
1930 1931
1929 1930
1928 1929
1927 1928
1926 1927
1925 1926
1924 1925
1923 1924
1923 1924
1922 1923
1921 1922
1921 1922
1920 1921
1920 1921
1919 1920
1918 1919
1917 1918
1917 1918
1916 1917
1915 1916
1915 1916
1914 1915
1913 1914
1913 1914
1913 1914
1912 1913
1911 1912
1911 1912
1911 1912
1911 1912
1910 1911
1910 1911
1909 1910
1908 1909
1907 1908
1906 1907
1906 1907
1905 1906
1904 1905
1903 1904
1903 1904
1903 1904
1903 1904
1903 1904
1903 1904
1903 1904
1902 1903
1902 1903
1902 1903
1902 1903
1901 1902
1900 1901
1899 1900
1899 1900
1899 1900
1898 1899
1898 1899
1897 1898
1896 1897
1896 1897
1895 1896
1895 1896
1895 1896
1895 1896
1894 1895
1893 1894
1892 1893
1892 1893
1892 1893
1891 1892
1890 1891
1890 1891
1890 1891
1889 1890
1888 1889
1887 1888
1887 1888
1887 1888
1886 1887
1886 1887
1886 1887
1886 1887
1886 1887
1885 1886
1884 1885
1883 1884
1882 1883
1881 1882
1881 1882
1881 1882
1881 1882
1881 1882
1880 1881
1879 1880
1878 1879
1877 1878
1877 1878
1876 1877
1875 1876
1875 1876
1874 1875
1873 1874
1872 1873
1871 1872
1870 1871
1869 1870
1869 1870
1869 1870
1869 1870
1869 1870
1868 1869
1867 1868
1866 1867
1865 1866
1865 1866
1864 1865
1863 1864
1863 1864
1862 1863
1862 1863
1862 1863
1862 1863
1861 1862
1860 1861
1859 1860
1859 1860
1859 1860
1858 1859
1858 1859
1858 1859
1857 1858
1856 1857
1856 1857
1855 1856
1854 1855
1854 1855
1854 1855
1854 1855
1854 1855
1853 1854
1853 1854
1852 1853
1851 1852
1851 1852
1850 1851
1850 1851
1849 1850
1848 1849
1847 1848
1846 1847
1845 1846
1844 1845
1843 1844
1842 1843
1842 1843
1841 1842
1841 1842
1841 1842
1840 1841
1840 1841
1840 1841
1840 1841
1840 1841
1839 1840
1838 1839
1838 1839
1837 1838
1836 1837
1836 1837
1836 1837
1836 1837
1835 1836
1834 1835
1834 1835
1833 1834
1833 1834
1833 1834
1833 1834
1832 1833
1832 1833
1832 1833
1832 1833
1831 1832
1830 1831
1830 1831
1829 1830
1829 1831
1828 1829
1828 1829
1827 1828
1826 1827
1826 1827
1825 1826
1825 1826
1824 1825
1823 1824
1823 1824
1822 1823
1822 1823
1821 1822
1820 1821
1820 1821
1820 1821
1819 1820
1818 1819
1817 1818
1816 1817
1815 1816
1815 1816
1814 1815
1814 1815
1813 1814
1813 1814
1813 1814
1812 1813
1812 1813
1811 1812
1810 1811
1810 1811
1809 1810
1809 1810
1809 1810
1808 1809
1807 1808
1807 1808
1806 1807
1806 1807
1806 1807
1806 1807
1805 1806
1805 1806
1804 1805
1803 1804
1802 1803
1802 1803
1802 1803
1801 1802
1801 1802
1800 1801
1800 1801
1799 1800
1799 1800
1799 1800
1799 1800
1799 1800
1798 1799
1798 1799
1797 1798
1796 1797
1796 1797
1796 1797
1795 1796
1794 1795
1794 1795
1794 1795
1793 1794
1793 1794
1793 1794
1793 1794
1792 1793
1792 1793
1791 1792
1790 1791
1789 1790
1789 1790
1788 1789
1787 1788
1787 1788
1787 1788
1787 1788
1787 1788
1787 1788
1786 1787
1786 1787
1786 1787
1785 1786
1784 1785
1783 1784
1783 1784
1783 1784
1782 1783
1782 1783
1781 1782
1781 1782
1781 1782
1780 1781
1780 1781
1780 1781
1780 1781
1780 1781
1779 1780
1779 1780
1778 1779
1777 1778
1777 1778
1776 1777
1775 1776
1775 1776
1774 1775
1773 1774
1772 1773
1771 1772
1771 1772
1771 1772
1771 1772
1771 1772
1770 1771
1770 1771
1769 1770
1769 1770
1768 1769
1767 1768
1767 1768
1767 1768
1767 1768
1766 1767
1765 1766
1764 1765
1763 1764
1763 1764
1762 1763
1762 1763
1762 1763
1762 1763
1762 1763
1762 1763
1762 1763
1762 1763
1762 1763
1762 1763
1761 1762
1760 1761
1759 1760
1758 1759
1757 1758
1756 1757
1755 1756
1754 1755
1754 1755
1754 1755
1753 1754
1752 1753
1752 1753
1752 1753
1752 1753
1751 1752
1751 1752
1751 1752
1751 1752
1750 1751
1749 1750
1748 1749
1748 1749
1748 1749
1747 1748
1746 1747
1745 1746
1744 1745
1744 1745
1744 1745
1743 1744
1742 1743
1741 1742
1740 1741
1739 1740
1738 1739
1738 1739
1737 1738
1736 1737
1735 1736
1735 1736
1734 1735
1734 1735
1733 1734
1733 1734
1733 1734
1732 1733
1732 1733
1731 1732
1731 1732
1731 1732
1730 1731
1730 1731
1729 1730
1729 1730
1728 1729
1727 1728
1727 1728
1726 1727
1726 1727
1725 1726
1724 1725
1724 1725
1723 1724
1723 1724
1722 1723
1721 1722
1721 1722
1721 1722
1720 1721
1720 1721
1719 1720
1718 1719
1718 1719
1717 1718
1716 1717
1716 1717
1716 1717
1716 1717
1716 1717
1715 1716
1715 1716
1715 1716
1715 1716
1714 1715
1714 1715
1714 1715
1713 1714
1712 1713
1711 1712
1711 1712
1711 1712
1711 1712
1710 1711
1709 1710
1708 1709
1707 1708
1707 1708
1706 1707
1705 1706
1705 1706
1704 1705
1704 1705
1703 1704
1702 1703
1702 1703
1702 1703
1702 1703
1702 1703
1702 1703
1702 1703
1702 1703
1701 1702
1701 1702
1701 1702
1701 1702
1701 1702
1701 1702
1701 1702
1701 1702
1700 1701
1699 1700
1699 1700
1698 1699
1697 1698
1697 1698
1697 1698
1697 1698
1697 1698
1697 1698
1696 1697
1695 1696
1695 1696
1694 1695
1693 1694
1693 1694
1693 1694
1692 1693
1691 1692
1691 1692
1690 1691
1689 1690
1688 1689
1687 1688
1686 1687
1685 1686
1685 1686
1684 1685
1684 1685
1683 1684
1683 1684
1682 1683
1682 1683
1681 1682
1681 1682
1681 1682
1681 1682
1681 1682
1681 1682
1680 1681
1679 1680
1678 1679
1677 1678
1676 1677
1676 1677
1676 1677
1675 1676
1675 1676
1674 1675
1673 1674
1672 1673
1672 1673
1672 1673
1672 1673
1671 1672
1671 1672
1670 1671
1669 1670
1669 1670
1668 1669
1668 1669
1668 1669
1668 1669
1668 1669
1667 1668
1667 1668
1667 1668
1666 1667
1666 1667
1665 1666
1664 1665
1664 1665
1663 1664
1662 1663
1661 1662
1661 1662
1661 1662
1661 1662
1661 1662
1661 1662
1660 1661
1660 1661
1659 1660
1658 1659
1657 1658
1656 1657
1655 1656
1655 1656
1655 1656
1654 1655
1653 1654
1653 1654
1653 1654
1653 1654
1653 1654
1653 1654
1652 1653
1651 1652
1650 1651
1649 1650
1649 1650
1649 1650
1649 1650
1649 1650
1648 1649
1648 1649
1647 1648
1646 1647
1646 1647
1646 1647
1646 1647
1646 1647
1645 1646
1645 1646
1645 1646
1644 1645
1644 1645
1644 1645
1644 1645
1644 1645
1644 1645
1644 1645
1644 1645
1644 1645
1643 1644
1642 1643
1642 1643
1641 1642
1640 1641
1639 1640
1638 1639
1637 1638
1636 1637
1636 1637
1635 1636
1634 1635
1634 1635
1633 1634
1632 1633
1632 1633
1631 1632
1630 1631
1630 1631
1629 1630
1629 1630
1628 1629
1627 1628
1626 1627
1626 1627
1625 1626
1624 1625
1624 1625
1624 1625
1624 1625
1624 1625
1623 1624
1623 1624
1623 1624
1623 1624
1622 1623
1621 1622
1620 1621
1620 1621
1619 1620
1618 1619
1618 1619
1617 1618
1617 1618
1616 1617
1616 1617
1616 1617
1616 1617
1616 1617
1615 1616
1615 1616
1615 1616
1614 1615
1614 1615
1614 1615
1614 1615
1614 1615
1614 1615
1613 1614
1612 1613
1612 1613
1611 1612
1611 1612
1611 1612
1611 1612
1611 1612
1610 1611
1610 1611
1610 1611
1610 1611
1609 1610
1609 1610
1608 1609
1607 1608
1607 1608
1606 1607
1606 1607
1606 1607
1606 1607
1606 1607
1606 1607
1606 1607
1605 1606
1605 1606
1604 1605
1603 1604
1602 1603
1602 1603
1601 1602
1600 1601
1599 1600
1598 1599
1598 1599
1598 1599
1597 1598
1596 1597
1596 1597
1596 1597
1595 1596
1595 1596
1595 1596
1595 1596
1594 1595
1594 1595
1593 1594
1592 1593
1592 1593
1592 1593
1592 1593
1592 1593
1592 1593
1591 1592
1591 1592
1591 1592
1590 1591
1589 1590
1588 1589
1588 1589
1587 1588
1587 1588
1587 1588
1586 1587
1585 1586
1585 1586
1585 1586
1584 1585
1583 1584
1583 1584
1583 1584
1582 1583
1582 1583
1582 1583
1581 1582
1581 1582
1580 1581
1579 1580
1578 1579
1577 1578
1576 1577
1575 1576
1575 1576
1574 1575
1573 1574
1572 1573
1572 1573
1571 1572
1570 1571
1570 1571
1570 1571
1570 1571
1570 1571
1570 1571
1570 1571
1570 1571
1569 1570
1568 1569
1567 1568
1567 1568
1566 1567
1566 1567
1565 1566
1565 1566
1564 1565
1563 1564
1562 1563
1561 1562
1560 1561
1560 1561
1560 1561
1559 1560
1559 1560
1559 1560
1558 1559
1557 1558
1557 1558
1556 1557
1556 1557
1555 1556
1555 1556
1555 1556
1554 1555
1554 1555
1553 1554
1553 1554
1553 1554
1553 1554
1552 1553
1552 1553
1552 1553
1551 1552
1550 1551
1550 1551
1550 1551
1549 1550
1548 1549
1548 1549
1547 1548
1546 1547
1545 1546
1545 1546
1545 1546
1544 1545
1544 1545
1544 1545
1544 1545
1544 1545
1543 1544
1543 1544
1542 1543
1541 1542
1540 1541
1540 1541
1540 1541
1539 1540
1538 1539
1538 1539
1538 1539
1537 1538
1537 1538
1537 1538
1536 1537
1536 1537
1535 1536
1535 1536
1534 1535
1533 1534
1532 1533
1531 1532
1530 1531
1529 1530
1528 1529
1527 1528
1527 1528
1527 1528
1527 1528
1526 1527
1526 1527
1526 1527
1525 1526
1524 1525
1524 1525
1524 1525
1523 1524
1523 1524
1522 1523
1521 1522
1520 1521
1520 1521
1520 1521
1519 1520
1518 1519
1518 1519
1517 1518
1517 1518
1516 1517
1516 1517
1515 1516
1515 1516
1514 1515
1513 1514
1513 1514
1512 1513
1512 1513
1511 1512
1511 1512
1510 1511
1509 1510
1509 1510
1509 1510
1509 1510
1509 1510
1508 1509
1507 1508
1506 1507
1506 1507
1506 1507
1505 1506
1505 1506
1505 1506
1504 1505
1504 1505
1503 1504
1503 1504
1502 1503
1502 1503
1502 1503
1502 1503
1502 1503
1501 1502
1500 1501
1499 1500
1499 1500
1498 1499
1498 1499
1498 1499
1498 1499
1497 1498
1496 1497
1495 1496
1495 1496
1494 1495
1493 1494
1493 1494
1493 1494
1492 1493
1492 1493
1492 1493
1492 1493
1492 1493
1491 1492
1491 1492
1491 1492
1491 1492
1490 1491
1489 1490
1488 1489
1488 1489
1488 1489
1488 1489
1487 1488
1487 1488
1486 1487
1486 1487
1485 1486
1485 1486
1485 1486
1484 1485
1483 1484
1482 1483
1482 1483
1481 1482
1481 1482
1481 1482
1480 1481
1480 1481
1479 1480
1479 1480
1478 1479
1478 1479
1478 1479
1477 1478
1477 1478
1476 1477
1475 1476
1474 1475
1473 1474
1473 1474
1473 1474
1473 1474
1473 1474
1472 1473
1472 1473
1472 1473
1471 1472
1471 1472
1470 1471
1470 1471
1470 1471
1470 1471
1469 1470
1469 1470
1469 1470
1468 1469
1468 1469
1467 1468
1467 1468
1467 1468
1467 1468
1466 1467
1466 1467
1466 1467
1466 1467
1466 1467
1466 1467
1466 1467
1466 1467
1465 1466
1464 1465
1464 1465
1463 1464
1463 1464
1462 1463
1462 1463
1462 1463
1462 1463
1462 1463
1462 1463
1462 1463
1461 1462
1461 1462
1461 1462
1460 1461
1460 1461
1460 1461
1459 1460
1458 1459
1458 1459
1458 1459
1457 1458
1456 1457
1456 1457
1455 1456
1454 1455
1453 1454
1452 1453
1451 1452
1451 1452
1451 1452
1450 1451
1449 1450
1448 1449
1447 1448
1447 1448
1446 1447
1445 1446
1445 1446
1445 1446
1445 1446
1445 1446
1445 1446
1445 1446
1445 1446
1445 1446
1444 1445
1444 1445
1444 1445
1443 1444
1443 1444
1443 1444
1442 1443
1442 1443
1442 1443
1441 1442
1440 1441
1439 1440
1439 1440
1438 1439
1438 1439
1438 1439
1437 1438
1437 1438
1437 1438
1436 1437
1436 1437
1435 1436
1434 1435
1434 1435
1434 1435
1433 1434
1432 1433
1432 1433
1432 1433
1431 1432
1431 1432
1431 1432
1430 1431
1429 1430
1429 1430
1428 1429
1428 1429
1427 1428
1427 1428
1426 1427
1426 1427
1426 1427
1426 1427
1425 1426
1424 1425
1424 1425
1424 1425
1424 1425
1423 1424
1423 1424
1423 1424
1423 1424
1422 1423
1421 1422
1420 1421
1419 1420
1418 1419
1417 1418
1416 1417
1416 1417
1416 1417
1415 1416
1415 1416
1414 1415
1413 1414
1413 1414
1413 1414
1412 1413
1411 1412
1410 1411
1410 1411
1410 1411
1409 1410
1409 1410
1408 1409
1408 1409
1408 1409
1408 1409
1407 1408
1406 1407
1406 1407
1405 1406
1405 1406
1405 1406
1404 1405
1404 1405
1404 1405
1404 1405
1403 1404
1402 1403
1402 1403
1401 1402
1401 1402
1400 1401
1399 1400
1399 1400
1399 1400
1399 1400
1398 1399
1397 1398
1397 1398
1397 1398
1397 1398
1396 1397
1395 1396
1394 1395
1393 1394
1392 1393
1391 1392
1390 1391
1390 1391
1390 1391
1389 1390
1389 1390
1388 1389
1388 1389
1387 1388
1387 1388
1387 1388
1386 1387
1386 1387
1385 1386
1384 1385
1384 1385
1384 1385
1383 1384
1383 1384
1383 1384
1383 1384
1382 1383
1381 1382
1380 1381
1380 1381
1380 1381
1380 1381
1379 1380
1378 1379
1378 1380
1378 1379
1377 1378
1377 1378
1376 1377
1375 1376
1375 1376
1374 1375
1373 1374
1372 1373
1371 1372
1371 1372
1370 1371
1369 1370
1369 1370
1369 1370
1369 1370
1368 1369
1368 1369
1368 1369
1367 1368
1366 1367
1366 1367
1366 1367
1366 1367
1366 1367
1365 1366
1364 1365
1364 1365
1363 1364
1362 1363
1362 1363
1362 1363
1362 1363
1361 1362
1360 1361
1360 1361
1359 1360
1358 1359
1357 1358
1357 1358
1357 1358
1356 1357
1355 1356
1355 1356
1354 1355
1353 1354
1353 1354
1352 1353
1351 1352
1350 1351
1349 1350
1349 1350
1349 1350
1348 1349
1348 1349
1347 1348
1347 1348
1347 1348
1347 1348
1346 1347
1346 1347
1345 1346
1345 1346
1344 1345
1343 1344
1342 1343
1342 1343
1342 1343
1341 1342
1340 1341
1339 1340
1338 1339
1338 1339
1338 1339
1337 1338
1337 1338
1337 1338
1336 1337
1336 1337
1335 1336
1334 1335
1333 1334
1332 1333
1331 1332
1330 1331
1329 1330
1329 1330
1329 1330
1328 1329
1327 1328
1327 1328
1023 1024
1022 1023
1022 1023
1021 1022
1021 1022
1021 1022
1021 1022
1020 1021
1020 1021
1020 1021
1020 1021
1019 1020
1018 1019
1018 1019
1018 1019
1018 1019
1017 1018
1017 1018
1017 1018
1017 1018
1017 1018
1017 1018
1016 1017
1015 1016
1014 1015
1013 1014
1012 1013
1012 1013
1011 1012
1011 1012
1010 1011
1010 1011
1009 1010
1009 1010
1008 1009
1007 1008
1007 1008
1007 1008
1007 1008
1007 1008
1006 1007
1005 1006
1005 1006
1005 1006
1005 1006
1004 1005
1004 1005
1003 1004
1003 1004
1003 1004
1002 1003
1001 1002
1000 1001
999 1000
999 1000
999 1000
998 999
997 998
996 997
995 996
995 996
994 995
994 995
994 995
993 994
992 993
992 993
992 993
991 992
991 992
991 992
990 991
990 991
990 991
989 990
989 990
989 990
989 990
988 989
987 988
987 988
987 988
986 987
986 987
986 987
986 987
985 986
985 986
984 985
984 985
984 985
984 985
984 985
984 985
984 985
983 984
983 984
983 984
982 983
982 983
982 983
981 982
980 981
980 981
979 980
979 980
978 979
978 979
977 978
976 977
976 977
976 977
975 976
975 976
975 976
975 976
975 976
975 976
975 976
975 976
974 975
973 974
972 973
971 972
970 971
969 970
968 969
968 969
967 968
967 968
966 967
965 966
964 965
963 964
963 964
963 964
963 964
962 963
961 962
961 962
961 962
961 962
960 961
960 961
960 961
960 961
960 961
959 960
959 960
958 959
957 958
956 957
955 956
954 955
953 954
952 953
951 952
950 951
950 951
949 950
948 949
947 948
947 948
946 947
946 947
945 946
944 945
943 944
942 943
941 942
940 941
939 940
938 939
938 939
937 938
936 937
936 937
935 936
934 935
933 934
933 934
932 933
931 932
931 932
931 932
930 931
930 931
929 930
929 930
928 929
927 928
926 927
925 926
924 925
923 924
922 923
921 922
921 922
920 921
919 920
919 920
918 919
918 919
917 918
916 917
916 917
916 917
915 916
914 915
914 915
913 914
912 913
912 913
912 913
912 913
911 912
910 911
909 910
908 909
908 909
908 909
907 908
906 907
906 907
905 906
904 905
903 904
902 903
901 902
900 901
900 901
900 901
900 901
899 900
899 900
899 900
899 900
899 900
899 900
898 899
898 899
897 898
897 898
897 898
896 897
895 896
894 895
893 894
892 893
891 892
891 892
891 892
891 892
890 891
890 891
890 891
890 891
890 891
890 891
889 890
888 889
887 888
887 888
886 887
886 887
886 887
885 886
885 886
885 886
884 885
884 885
883 884
883 884
882 883
882 883
881 882
881 882
881 882
880 881
880 881
880 881
879 880
878 879
877 878
877 878
877 878
877 878
877 878
876 877
875 876
874 875
873 874
872 873
871 872
871 872
870 871
870 871
870 871
870 871
870 871
870 871
870 871
869 870
869 870
869 870
869 870
868 869
868 869
868 869
868 869
867 868
867 868
867 868
866 867
865 866
864 865
863 864
862 863
861 862
861 862
861 862
860 861
860 861
860 861
859 860
858 859
858 859
858 859
858 859
857 858
856 857
855 856
855 856
855 856
854 855
854 855
854 855
854 855
853 854
853 854
852 853
852 853
852 853
851 852
851 852
851 852
850 851
849 850
848 849
848 849
847 848
846 847
845 846
844 845
844 845
844 845
843 844
843 844
842 843
841 842
841 842
840 841
839 840
838 839
837 838
836 837
836 837
835 836
835 836
834 835
834 835
833 834
833 834
833 834
832 833
832 833
832 833
832 833
831 832
830 831
830 831
829 830
829 830
829 830
829 830
829 830
828 829
828 829
828 829
827 828
826 827
825 826
824 825
823 824
823 824
822 823
822 823
821 822
821 822
820 821
819 820
819 820
818 819
817 818
816 817
815 816
814 815
814 815
814 815
814 815
814 815
813 814
813 814
812 813
811 812
811 812
810 811
809 810
808 809
808 809
808 809
808 809
807 808
806 807
805 806
805 806
805 806
804 805
803 804
803 804
803 804
802 803
802 803
801 802
800 801
800 801
800 801
799 800
798 799
798 799
797 798
796 797
796 797
795 796
794 795
794 795
793 794
793 794
793 794
793 794
792 793
791 792
791 792
790 791
789 790
788 789
787 788
786 787
785 786
784 785
784 785
783 784
782 783
781 782
780 781
779 780
779 780
778 779
778 779
778 779
777 778
776 777
776 777
775 776
774 775
774 775
773 774
772 773
772 773
771 772
770 771
769 770
769 770
768 769
768 769
767 768
767 768
766 767
766 767
766 767
766 767
766 767
766 767
765 766
765 766
765 766
764 765
763 764
763 764
763 764
763 764
762 763
762 763
762 763
762 763
762 763
762 763
761 762
760 761
760 761
760 761
760 761
759 760
759 760
758 759
758 759
758 759
758 759
758 759
758 759
757 758
756 757
755 756
754 755
754 755
753 754
753 754
753 754
753 754
752 753
751 752
750 751
750 751
750 751
750 751
750 751
750 751
750 751
749 750
749 750
749 750
749 750
749 750
749 750
749 750
748 749
747 748
747 748
746 747
746 747
745 746
745 746
745 746
745 746
745 746
745 746
745 746
744 745
743 744
743 744
743 744
743 744
743 744
743 744
743 744
743 744
742 743
742 743
742 743
742 743
741 742
740 741
739 740
739 740
739 740
738 739
738 739
737 738
737 738
737 738
737 738
736 737
735 736
734 735
733 734
732 733
732 733
732 733
731 732
731 732
730 731
730 731
730 731
730 731
730 731
729 730
729 731
728 729
728 729
727 728
727 728
727 728
726 727
725 726
725 726
724 725
724 725
723 724
723 724
723 724
722 723
722 723
721 722
720 721
719 720
718 719
718 719
717 718
716 717
715 716
715 716
715 716
714 715
713 714
713 714
712 713
711 712
710 711
709 710
709 710
709 710
708 709
708 709
707 708
707 708
706 707
705 706
705 706
704 705
703 704
702 703
702 703
702 703
702 703
701 702
701 702
700 701
699 700
699 700
699 700
699 700
699 700
699 700
698 699
697 698
696 697
696 697
696 697
695 696
694 695
693 694
692 693
691 692
690 691
690 691
690 691
689 690
689 690
688 689
687 688
686 687
685 686
685 686
685 686
685 686
684 685
684 685
684 685
684 685
684 685
684 685
683 684
683 684
682 683
681 682
680 681
680 681
680 681
680 681
680 681
679 680
678 679
677 678
676 677
676 677
676 677
675 676
674 675
673 674
673 674
673 674
673 674
673 674
672 673
671 672
670 671
669 670
668 669
667 668
666 667
666 667
665 666
664 665
664 665
664 665
664 665
664 665
664 665
663 664
662 663
661 662
660 661
659 660
658 659
657 658
656 657
655 656
654 655
654 655
653 654
653 654
652 653
651 652
651 652
651 652
651 652
651 652
651 652
650 651
650 651
649 650
648 649
648 649
647 648
646 647
646 647
646 647
646 647
646 647
645 646
645 646
644 645
643 644
642 643
641 642
641 642
640 641
639 640
639 640
639 640
639 640
638 639
637 638
637 638
636 637
636 637
635 636
634 635
634 635
634 635
634 635
634 635
634 635
633 634
632 633
632 633
632 633
632 633
631 632
631 632
631 632
630 631
630 631
629 630
629 630
629 630
629 630
629 630
629 630
628 629
627 628
626 627
625 626
625 626
625 626
624 625
624 625
623 624
622 623
621 622
621 622
620 621
620 621
619 620
619 620
618 619
618 619
618 619
618 619
618 619
617 618
616 617
615 616
615 616
615 616
614 615
614 615
614 615
613 614
613 614
612 613
612 613
611 612
611 612
610 611
609 610
609 610
609 610
608 609
607 608
607 608
606 607
606 607
605 606
605 606
604 605
603 604
603 604
603 604
603 604
602 603
602 603
602 603
602 603
601 602
600 601
600 601
600 601
599 600
599 600
599 600
599 600
599 600
599 600
599 600
599 600
599 600
599 600
599 600
599 600
598 599
598 599
598 599
597 598
597 598
597 598
597 598
596 597
596 597
596 597
596 597
595 596
594 595
594 595
593 594
592 593
592 593
591 592
590 591
590 591
589 590
589 590
589 590
589 590
589 590
589 590
588 589
588 589
588 589
588 589
587 588
586 587
586 587
586 587
586 587
585 586
585 586
585 586
585 586
585 586
584 585
583 584
582 583
581 582
581 582
580 581
580 581
580 581
579 580
578 579
578 579
577 578
576 577
575 576
575 576
574 575
573 574
573 574
573 574
572 573
572 573
572 573
571 572
570 571
569 570
568 569
568 569
567 568
566 567
566 567
565 566
565 566
565 566
565 566
564 565
563 564
563 564
563 564
562 563
562 563
561 562
561 562
561 562
560 561
560 561
559 560
558 559
557 558
556 557
555 556
554 555
554 555
553 554
552 553
552 553
551 552
551 552
551 552
551 552
551 552
551 552
550 551
550 551
550 551
549 550
549 550
549 550
548 549
547 548
547 548
546 547
546 547
545 546
544 545
543 544
542 543
542 543
541 542
540 541
539 540
538 539
537 538
536 537
536 537
535 536
535 536
534 535
534 535
534 535
533 534
533 534
533 534
533 534
533 534
532 533
531 532
531 532
530 531
529 530
528 529
528 529
528 529
528 529
527 528
527 528
526 527
525 526
525 526
525 526
524 525
524 525
523 524
522 523
521 522
521 522
520 521
519 520
519 520
518 519
518 519
518 519
517 518
516 517
515 516
515 516
515 516
515 516
514 515
513 514
513 514
512 513
512 513
511 512
510 511
510 511
509 510
508 509
507 508
507 508
506 507
506 507
506 507
505 506
504 505
504 505
504 505
504 505
503 504
502 503
502 503
502 503
502 503
502 503
501 502
500 501
500 501
499 500
498 499
497 498
496 497
496 497
496 497
495 496
494 495
494 495
493 494
493 494
493 494
492 493
491 492
490 491
489 490
488 489
487 488
486 487
486 487
486 487
486 487
486 487
485 486
484 485
483 484
482 483
481 482
480 481
479 480
479 480
479 480
479 480
478 479
477 478
477 478
477 478
477 478
476 477
475 476
474 475
473 474
473 474
473 474
472 473
472 473
471 472
471 472
471 472
470 471
470 471
470 471
470 471
470 471
470 471
469 470
469 470
469 470
469 470
469 470
469 470
468 469
468 469
467 468
466 467
466 467
466 467
465 466
464 465
463 464
462 463
461 462
461 462
460 461
459 460
458 459
457 458
456 457
455 456
455 456
454 455
454 455
453 454
452 453
452 453
452 453
452 453
452 453
452 453
451 452
450 451
450 451
449 450
449 450
448 449
447 448
447 448
447 448
447 448
447 448
447 448
447 448
447 448
446 447
446 447
445 446
444 445
444 445
443 444
443 444
443 444
442 443
441 442
440 441
439 440
439 440
439 440
438 439
438 439
438 439
437 438
436 437
436 437
436 437
436 437
435 436
434 435
434 435
434 435
434 435
433 434
432 433
432 433
432 433
431 432
431 432
430 431
429 430
429 430
429 430
429 430
428 429
428 429
427 428
426 427
426 427
426 427
426 427
425 426
424 425
423 424
422 423
421 422
421 422
421 422
421 422
421 422
420 421
419 420
418 419
418 419
418 419
417 418
417 418
417 418
416 417
415 416
414 415
414 415
414 415
413 414
413 414
412 413
411 412
411 413
410 411
409 410
409 410
408 409
407 408
406 407
406 407
406 407
405 406
404 405
404 405
404 405
403 404
402 403
401 402
400 401
399 400
398 399
398 399
398 399
398 399
398 399
398 399
397 398
396 397
395 396
394 395
394 395
394 395
393 394
393 394
393 394
393 394
392 393
391 392
390 391
389 390
388 389
388 389
387 388
387 388
387 388
387 388
386 387
385 386
384 385
384 385
383 384
382 383
382 383
381 382
381 382
380 381
380 381
380 381
379 380
379 380
378 379
377 378
377 378
377 378
377 378
377 378
376 377
375 376
375 376
374 375
373 374
372 373
372 373
372 373
371 372
371 372
371 372
371 372
370 371
370 371
369 370
369 370
369 370
369 370
369 370
369 370
369 370
368 369
368 369
368 369
367 368
367 368
366 367
366 367
365 366
365 366
365 366
364 365
363 364
362 363
361 362
360 361
359 360
358 359
358 359
357 358
357 358
356 357
356 357
356 357
356 357
356 357
356 357
355 356
354 355
354 355
354 355
353 354
352 353
351 352
350 351
350 351
350 351
350 351
350 351
349 350
348 349
347 348
347 348
347 348
346 347
345 346
345 346
344 345
344 345
343 344
343 344
343 344
343 344
342 343
342 343
342 343
342 343
342 343
342 343
342 343
342 343
341 342
341 342
340 341
340 341
340 341
340 341
339 340
338 339
337 338
337 338
336 337
336 337
335 336
335 336
335 336
334 335
333 334
332 333
331 332
330 331
330 331
329 330
328 329
327 328
326 327
326 327
326 327
326 327
326 327
325 326
325 326
324 325
324 325
324 325
324 325
323 324
322 323
321 322
321 322
321 322
320 321
320 321
319 320
318 319
318 319
318 319
317 318
316 317
316 317
315 316
315 316
314 315
314 315
314 315
314 315
313 314
313 314
313 314
312 313
312 313
312 313
311 312
311 312
310 311
309 310
309 310
308 309
307 308
307 308
306 307
306 307
306 307
306 307
306 307
306 307
306 307
306 307
305 306
305 306
305 306
305 306
304 305
304 305
303 304
302 303
301 302
301 302
300 301
300 301
299 300
298 299
297 298
296 297
295 296
295 296
295 296
295 296
294 295
293 294
292 293
292 293
291 292
290 291
290 291
290 291
289 290
289 290
288 289
287 288
287 288
286 287
285 286
284 285
284 285
283 284
283 284
282 283
281 282
280 281
280 281
279 280
278 279
278 279
278 279
277 278
277 278
276 277
275 276
275 276
274 275
274 275
274 275
273 274
272 273
272 273
272 273
272 273
271 272
271 272
270 271
269 270
269 270
269 270
268 269
267 268
267 268
266 267
265 266
264 265
263 264
262 263
261 262
261 262
261 262
260 261
259 260
259 260
259 260
259 260
258 259
258 259
258 259
258 259
258 259
257 258
257 258
256 257
255 256
254 255
254 255
254 255
254 255
254 255
253 254
252 253
251 252
250 251
250 251
250 251
249 250
248 249
248 249
247 248
246 247
245 246
245 246
244 245
243 244
243 244
242 243
242 243
242 243
241 242
240 241
239 240
238 239
237 238
237 238
237 238
236 237
236 237
235 236
234 235
233 234
232 233
232 233
231 232
231 232
230 231
230 231
229 230
229 230
228 229
228 229
228 229
227 228
227 228
226 227
225 226
224 225
224 225
224 225
223 224
222 223
222 223
222 223
221 222
221 222
220 221
220 221
220 221
220 221
219 220
218 219
218 219
217 218
217 218
217 218
217 218
217 218
217 218
216 217
215 216
214 215
214 215
213 214
213 214
212 213
211 212
211 212
210 211
209 210
208 209
208 209
208 209
208 209
208 209
207 208
207 208
206 207
206 207
206 207
206 207
206 207
206 207
206 207
205 206
205 206
204 205
203 204
203 204
203 204
202 203
201 202
200 201
199 200
198 199
198 199
198 199
197 198
197 198
196 197
195 196
195 196
194 195
193 194
193 194
192 193
192 193
191 192
190 191
189 190
189 190
189 190
189 190
188 189
188 189
188 189
188 189
188 189
188 189
188 189
188 189
187 188
187 188
186 187
186 187
185 186
185 186
185 186
184 185
183 184
183 184
183 184
183 184
182 183
182 183
182 183
182 183
182 183
181 182
180 181
180 181
179 180
178 179
177 178
176 177
176 177
175 176
174 175
173 174
173 174
172 173
172 173
172 173
172 173
172 173
172 173
171 172
171 172
171 172
171 172
171 172
170 171
169 170
169 170
168 169
167 168
166 167
166 167
165 166
164 165
164 165
163 164
163 164
163 164
163 164
163 164
163 164
162 163
162 163
162 163
161 162
160 161
160 161
159 160
158 159
158 159
158 159
157 158
156 157
155 156
155 156
155 156
154 155
154 155
153 154
152 153
151 152
150 151
150 151
150 151
150 151
149 150
148 149
148 149
148 149
148 149
147 148
146 147
146 147
146 147
145 146
144 145
143 144
142 143
141 142
141 142
140 141
140 141
140 141
139 140
139 140
138 139
138 139
137 138
137 138
136 137
136 137
135 136
134 135
133 134
133 134
133 134
132 133
132 133
132 133
132 133
131 132
131 132
131 132
130 131
129 130
128 129
128 129
128 129
127 128
127 128
127 128
127 128
127 128
126 127
125 126
124 125
124 125
123 124
123 124
123 124
123 124
122 123
122 123
122 123
121 122
121 122
120 121
119 120
118 119
117 118
117 118
116 117
115 116
114 115
114 115
114 115
114 115
113 114
113 114
113 114
112 113
111 112
111 112
110 111
109 110
108 109
107 108
106 107
106 107
105 106
104 105
104 105
104 105
104 105
103 104
102 103
101 102
101 102
100 101
100 101
100 101
100 101
100 101
99 100
98 99
98 99
98 99
97 98
96 97
95 96
95 96
95 96
95 96
94 95
94 95
93 94
92 93
91 92
90 91
90 91
89 90
89 90
89 90
89 90
89 90
88 89
88 89
87 88
86 87
86 87
86 87
86 87
86 87
85 86
85 86
84 85
84 85
84 85
84 85
84 85
84 85
84 85
84 85
83 84
83 84
82 83
82 83
81 82
80 81
79 80
79 80
78 79
77 78
77 78
76 77
76 77
75 76
74 75
73 74
72 73
71 72
71 72
70 71
69 70
69 70
69 70
69 70
68 69
68 69
67 68
66 67
65 66
64 65
63 64
62 63
62 63
62 63
62 63
61 62
60 61
59 60
59 60
59 60
58 59
57 58
57 58
57 58
56 57
55 56
54 55
54 55
54 55
54 55
53 54
53 54
52 53
52 53
51 52
51 52
51 52
50 51
50 51
50 51
50 51
49 50
48 49
47 48
47 48
47 48
46 47
46 47
46 47
45 46
44 45
44 45
44 45
44 45
44 45
43 44
42 43
42 43
41 42
40 41
40 41
39 40
38 39
37 38
36 37
36 37
35 36
35 36
34 35
33 34
32 33
31 32
31 32
31 32
31 32
30 31
29 30
28 29
27 28
27 28
26 27
26 27
26 27
26 27
25 26
24 25
24 25
23 24
22 23
21 22
20 21
19 20
19 20
18 19
17 18
16 17
13 17
10 13
10 15
7 12
7 8
4 9
4 8
0 5
