500 475 182
453
247
400
351
305
233
437
337
411
203
336
379
499
239
197
221
232
407
464
331
334
495
399
287
252
410
389
190
273
313
269
201
202
378
246
374
380
307
346
479
262
349
432
439
200
215
279
243
480
192
250
417
369
249
301
367
209
80
81
149
148
163
139
121
106
177
135
112
180
167
39
44
110
55
61
70
3
88
11
17
146
102
131
103
38
123
93
37
9
376
354
189
381
452
387
366
288
5
138
175
83
4
50
1
116
92
141
63
59
266
401
430
422
285
425
323
496
358
364
449
226
292
237
440
398
438
260
333
228
447
284
280
234
290
206
315
213
245
424
466
421
216
347
409
220
248
352
338
472
258
74
168
159
137
75
176
32
22
150
327
217
275
393
423
329
185
173
53
120
117
69
109
158
86
97
132
84
65
33
122
48
143
36
128
25
87
18
34
58
181
16
67
85
142
8
171
89
169
15
457
485
371
475
272
484
296
469
416
214
240
476
413
350
368
397
488
461
445
353
293
300
308
316
259
289
265
455
330
448
261
467
277
426
465
471
211
219
450
325
391
456
263
489
282
253
210
314
267
345
310
470
487
224
435
191
343
348
324
342
268
460
474
183
10
91
118
82
76
140
42
99
40
96
57
68
13
113
153
43
78
66
98
14
46
23
115
134
51
129
114
26
54
71
90
2
145
434
186
242
433
362
344
415
335
306
431
478
395
403
294
332
459
394
443
436
365
429
385
498
341
236
382
222
218
477
494
207
223
230
390
321
373
427
363
414
276
392
419
405
188
372
370
283
257
328
388
270
442
318
428
198
184
251
231
418
408
19
24
0
52
170
6
124
64
105
165
73
79
125
172
164
21
155
29
154
152
166
157
72
104
130
147
28
111
108
161
62
444
396
194
225
473
420
309
193
463
295
386
481
229
322
303
244
278
441
187
384
317
281
208
377
412
256
468
462
255
492
199
446
490
361
107
119
12
133
126
35
31
100
77
160
178
45
179
56
94
49
20
162
144
47
156
101
95
127
136
7
60
174
151
41
30
27
304
319
212
271
357
227
483
235
326
320
339
254
264
204
241
205
291
196
312
355
302
274
493
454
497
356
486
359
299
404
238
458
298
402
195
286
340
491
383
375
482
297
311
406
451
360
367 368
26 27
496 497
494 495
18 19
10 11
3 4
2 3
11 12
484 485
483 484
481 483
277 278
276 277
276 277
276 277
275 276
275 276
274 275
273 274
273 274
273 274
272 273
272 273
271 272
270 271
97 98
97 98
96 97
96 97
95 96
95 96
94 95
409 410
7 11
453 454
9 10
164 165
164 165
137 138
137 138
137 138
136 137
443 444
10 12
86 87
86 87
86 87
324 325
324 325
324 325
323 324
322 323
246 247
246 247
245 246
244 245
243 244
243 244
242 243
241 242
240 241
239 240
239 240
238 239
237 238
236 237
236 237
307 308
307 308
307 308
306 307
306 307
306 307
9 12
363 364
363 364
363 364
362 363
361 362
360 361
12 13
406 408
358 359
357 358
150 151
149 150
149 150
148 149
148 149
147 148
147 148
147 148
146 147
146 147
146 147
145 146
144 145
144 145
143 144
143 144
143 144
143 144
143 144
142 143
142 143
142 143
141 142
140 141
139 140
138 139
137 138
136 137
136 137
135 136
135 136
135 136
135 136
134 135
134 135
133 134
133 134
132 133
132 133
131 132
130 131
129 130
129 130
129 130
129 130
129 130
311 312
311 312
310 311
310 311
309 310
308 309
307 308
307 308
306 307
305 306
304 305
304 305
304 305
304 305
304 305
303 304
303 304
303 304
302 303
302 303
302 303
302 303
301 302
300 301
299 300
298 299
297 298
296 297
296 297
295 296
294 295
294 295
81 82
80 81
56 57
56 57
56 57
55 56
54 55
54 55
53 54
52 53
52 53
51 52
50 51
50 51
50 51
50 51
49 50
49 50
49 50
48 49
47 48
47 48
47 48
46 47
45 46
45 46
45 46
45 46
44 45
43 44
43 44
42 43
41 42
40 41
39 40
38 39
37 38
37 38
36 37
36 37
35 36
35 36
34 35
34 35
34 35
33 34
33 34
32 33
31 32
30 31
30 31
30 32
30 31
29 30
28 29
28 29
28 29
28 29
27 28
27 28
27 28
27 28
26 27
25 26
25 26
25 26
24 25
24 25
24 25
24 25
24 25
23 24
22 23
21 22
20 21
19 20
19 20
19 20
18 19
18 19
18 19
17 18
16 17
42 43
41 42
41 42
40 41
39 40
39 41
39 40
38 39
38 39
38 39
38 39
38 39
37 38
37 38
36 37
36 37
35 36
35 36
35 36
35 36
35 36
34 35
33 34
32 33
32 33
32 33
32 33
32 33
31 32
31 32
31 32
31 32
30 31
29 30
29 30
29 30
28 29
27 28
26 27
25 26
24 25
23 24
23 24
22 23
21 22
21 22
55 56
54 55
53 54
53 54
52 53
52 53
52 53
51 52
51 52
51 52
51 52
51 52
50 51
50 51
49 50
48 49
48 49
48 49
48 49
48 49
48 49
47 48
46 47
45 46
45 46
44 45
44 45
44 45
44 45
44 45
44 45
43 44
43 44
42 43
41 42
40 41
39 40
1 2
37 38
37 38
37 38
36 37
35 36
34 35
34 35
33 34
33 34
33 34
32 33
31 32
31 32
31 32
30 31
30 31
29 30
29 30
28 29
27 28
27 28
26 27
25 26
25 26
24 25
24 25
24 25
24 25
24 25
23 24
22 23
22 23
21 22
21 22
15 16
15 16
14 15
13 14
12 13
12 13
11 13
9 11
43 44
43 44
42 43
42 43
42 43
42 43
42 43
42 43
41 42
41 42
41 42
40 41
40 41
39 40
38 39
37 38
36 37
36 37
35 36
35 36
34 35
34 35
34 35
33 34
32 33
31 32
30 31
29 30
28 29
28 29
28 29
27 28
27 28
26 27
25 26
24 25
24 25
23 24
43 44
43 44
42 43
42 43
41 42
40 41
40 41
40 41
39 40
38 39
38 39
37 38
37 38
37 38
36 37
35 36
34 35
34 35
34 35
33 34
32 33
31 32
31 32
30 31
29 30
28 29
28 29
27 28
26 27
26 27
25 26
25 26
25 26
24 25
23 24
23 24
23 24
23 24
22 23
22 23
22 23
22 23
21 22
21 22
21 22
21 22
20 21
20 21
20 21
19 20
18 19
17 18
16 17
15 16
14 15
13 14
12 13
11 12
11 12
11 13
10 14
7 11
6 7
5 7
0 5
