100 90 62
95
97
89
51
12
41
31
29
17
0
24
19
61
46
45
32
50
25
18
75
28
16
7
20
49
59
44
35
4
87
67
76
63
69
64
37
56
42
40
54
5
8
47
85
84
91
33
11
9
36
66
78
96
83
82
93
65
86
70
55
60
73
81
79
3
43
13
26
99
21
48
38
39
23
15
53
6
22
1
2
52
14
58
34
30
27
10
57
74
72
77
94
90
68
80
98
92
71
88
31 32
63 64
63 64
25 26
36 37
61 62
44 45
44 45
43 44
43 44
43 44
24 25
51 52
50 51
10 11
10 11
67 68
4 5
4 5
3 4
3 4
3 4
46 47
5 6
5 6
5 6
5 6
4 5
4 5
68 69
22 23
21 22
20 21
20 21
20 21
19 20
19 20
19 20
19 21
18 19
18 19
18 19
4 5
3 5
8 9
7 8
6 7
6 7
6 7
5 6
4 5
3 5
2 3
1 2
0 1
0 2
24 25
23 24
23 24
23 24
22 23
22 23
16 17
15 16
14 15
14 15
14 15
13 14
13 14
13 14
13 15
12 13
11 12
10 11
9 10
9 10
9 10
8 9
7 9
6 7
5 6
5 6
5 6
4 5
4 5
4 5
3 4
2 4
2 3
0 3
