500 479 146
255
391
219
258
351
319
437
174
240
221
310
179
388
314
272
252
469
418
333
451
280
275
178
198
204
320
147
474
355
482
463
370
483
349
295
454
337
350
335
489
293
304
185
321
233
318
432
301
478
245
473
406
366
308
455
336
192
151
372
257
470
197
230
228
296
54
74
84
39
140
91
25
37
103
119
65
50
100
138
88
136
42
41
83
86
35
53
87
36
47
32
67
133
93
72
58
70
31
428
411
164
162
153
250
464
458
338
466
276
215
438
490
169
180
168
408
340
223
421
488
263
149
290
346
334
218
385
448
456
369
154
298
229
165
323
158
281
367
398
12
139
64
63
30
81
60
29
38
16
112
96
131
90
79
52
40
75
94
115
71
82
61
9
18
120
114
0
1
92
8
145
13
127
89
21
419
199
479
156
413
243
328
374
447
277
476
356
348
499
475
173
487
305
426
404
271
493
424
157
150
357
480
256
390
227
362
242
236
160
251
359
345
387
399
443
171
231
315
393
420
494
410
234
434
307
226
467
132
51
56
7
11
27
105
66
49
48
17
5
110
69
109
111
142
143
101
113
20
19
99
117
57
121
126
104
102
141
137
4
55
59
45
76
159
309
300
148
278
254
313
342
427
433
361
327
259
484
177
289
303
209
182
378
181
412
166
317
379
492
496
262
220
384
195
210
445
468
194
462
347
239
444
190
368
471
401
459
279
358
365
216
400
450
175
486
373
268
208
363
394
339
329
364
170
200
207
354
238
264
409
225
265
203
325
311
436
202
326
465
15
46
2
124
116
122
80
452
382
403
332
172
201
188
253
270
477
285
485
306
397
415
161
417
244
430
407
302
392
299
441
431
284
237
196
186
222
461
205
352
213
155
297
266
440
246
405
212
423
453
376
211
380
331
442
167
414
495
425
247
316
189
206
422
249
381
152
294
396
383
187
288
491
343
235
241
292
344
435
449
472
123
68
28
98
95
22
10
44
33
24
125
34
14
97
128
85
108
77
62
43
107
106
129
78
130
118
3
134
6
144
73
135
26
23
283
497
439
377
232
260
163
375
395
183
176
224
457
214
386
498
341
191
193
389
291
371
429
481
416
282
269
353
312
330
248
446
460
267
324
402
287
273
286
261
274
217
322
184
360
491 492
489 490
488 490
15 16
381 382
491 492
82 83
340 341
18 19
481 482
338 339
338 339
338 339
337 338
337 338
16 18
3 5
237 238
237 238
236 237
235 236
235 236
413 414
413 414
15 17
232 233
232 233
231 232
462 463
462 463
462 463
462 463
19 20
11 12
11 12
11 12
318 319
318 319
318 319
317 318
316 317
315 316
315 316
315 316
315 316
314 315
313 314
313 314
312 313
312 313
311 312
310 311
310 311
310 311
310 311
310 311
309 310
309 310
308 309
308 309
307 308
307 308
306 307
431 432
9 12
302 303
302 303
301 302
301 302
300 301
299 300
298 299
298 299
298 299
297 298
297 298
296 297
296 297
295 296
295 296
67 68
357 358
356 357
356 357
356 357
356 357
356 357
356 357
355 356
354 355
353 354
353 354
353 354
67 68
66 67
66 67
65 66
64 65
63 64
62 63
10 11
1 2
0 1
0 2
0 4
206 207
206 207
206 207
205 206
205 206
204 205
204 205
204 205
203 204
202 203
201 202
201 202
200 201
200 201
199 200
198 199
198 199
198 199
197 198
197 198
197 198
197 198
196 197
196 197
195 196
195 196
194 195
194 195
193 194
192 193
192 193
191 192
191 192
190 191
190 191
190 191
190 191
189 190
189 190
188 189
187 188
187 188
186 187
186 187
185 186
184 185
184 185
184 185
183 184
183 184
182 183
182 183
181 182
180 181
179 180
179 180
178 179
177 178
176 177
176 177
176 177
176 177
175 176
174 175
173 174
173 174
173 174
173 174
53 54
52 53
52 53
52 53
51 52
50 51
50 51
50 51
50 51
50 51
49 50
48 49
48 49
47 48
46 47
46 47
45 46
45 46
44 45
44 45
43 44
42 43
41 42
41 42
41 42
40 41
40 41
40 41
39 40
39 40
142 143
141 142
140 141
139 140
139 140
138 139
138 139
137 138
136 137
136 137
136 137
136 137
136 137
135 136
135 136
134 135
133 134
133 134
133 134
132 133
132 133
132 133
131 132
93 94
93 94
92 93
91 92
90 91
90 91
90 91
90 91
90 91
89 90
88 89
88 89
88 89
88 89
88 89
87 88
86 87
86 87
85 86
84 85
84 85
83 84
82 83
82 83
81 82
81 82
81 82
80 81
80 81
79 80
79 80
78 79
77 78
77 78
76 77
76 77
76 77
75 76
75 76
75 76
74 75
73 74
73 74
73 74
72 73
71 72
71 72
70 71
69 70
68 69
67 68
67 68
67 68
66 67
65 66
65 66
65 66
64 65
64 65
63 64
62 63
61 62
61 62
60 61
59 60
59 60
58 59
57 58
56 57
55 56
54 55
53 54
53 54
52 53
52 53
51 52
51 52
51 52
50 51
49 50
49 50
49 51
48 49
47 48
47 48
47 48
46 47
45 46
44 45
43 44
42 43
42 43
42 43
41 42
40 41
119 120
119 120
118 119
118 119
117 118
117 118
117 118
116 117
116 117
116 117
4 5
115 116
114 115
114 115
113 114
113 114
113 114
112 113
112 113
112 113
112 113
112 113
112 113
111 112
111 112
110 111
110 111
110 111
109 110
109 110
108 109
108 109
108 109
108 109
107 108
106 107
105 106
104 105
104 105
103 104
103 104
103 104
102 103
102 103
101 102
100 101
99 100
98 99
98 99
97 98
96 97
95 96
95 96
95 96
95 96
95 96
95 96
95 96
95 96
95 96
94 95
93 94
93 94
92 93
92 93
91 92
90 91
89 90
88 89
87 88
87 88
87 88
87 88
86 87
85 86
85 86
84 85
83 84
82 83
82 83
82 83
81 82
81 82
80 81
79 80
78 79
77 78
76 77
75 76
74 77
39 40
39 40
39 40
39 40
37 39
37 38
36 37
36 37
36 37
35 36
35 36
34 35
33 34
32 33
32 33
32 33
31 32
31 32
31 32
30 31
30 31
29 30
29 30
28 29
28 29
28 29
27 28
26 27
25 26
24 25
23 24
22 23
22 23
22 23
22 23
21 22
21 22
20 21
20 22
20 21
19 20
19 20
18 19
18 19
17 18
16 17
16 17
15 16
15 16
14 15
14 15
13 14
13 14
12 13
11 12
11 12
11 12
10 11
9 10
8 9
8 9
7 8
7 8
7 8
6 7
5 6
4 6
0 5
