5000 4999 3385
1693
189
4531
1027
2282
1998
2016
2861
948
3911
1345
2382
971
1084
2817
469
1463
1722
275
3352
1585
171
814
3730
3795
916
2801
1328
619
81
3694
3982
2363
1898
2131
399
1563
3544
2127
2548
3870
1053
702
337
2361
3003
3188
4262
1287
2996
2413
3146
1065
608
3357
2571
1959
1469
53
596
4481
1351
4156
677
3912
3813
3602
2355
1291
4090
1733
578
3038
4308
4978
3448
4868
3222
4450
2972
738
1246
374
3017
2006
2235
4694
2155
4591
93
1356
1557
144
988
3654
3480
3768
4042
4057
2770
2831
4426
1397
1605
4490
3002
2947
3979
3062
544
4321
2403
952
372
992
3431
48
3525
1995
162
616
4115
438
2239
432
793
4492
3299
4898
3274
4120
4288
701
3406
2192
4289
3519
2457
3878
2680
4579
4020
3171
4737
4459
613
3521
3328
3
4812
2711
150
4164
3735
317
3874
2004
480
785
1374
4150
2748
4363
2590
2108
1706
1824
1810
1333
1372
68
2769
4470
3044
2280
1996
2651
3580
2435
3715
2534
4295
2136
2957
891
761
462
1243
1506
262
4035
3586
3508
927
739
4877
2452
3110
3067
4113
4030
3094
833
1855
4716
3396
4803
1298
4468
4484
603
161
1231
1872
2288
107
3138
2812
4189
3668
4222
2854
1979
4089
3333
2855
2525
3809
4195
3590
3510
3628
1186
2985
3412
4969
3350
4001
1349
2559
4501
3295
4269
1257
2752
1256
4731
3215
3113
2860
4986
3063
1786
3961
4766
737
3371
4846
282
1423
2497
1474
3958
3244
2040
3603
3924
2872
1473
2686
156
861
312
3150
190
2739
4293
2976
4430
4411
1494
4503
1769
35
2877
1548
3736
2121
3477
240
2341
669
4018
2733
2215
3236
2624
530
2874
2617
4521
2098
1424
1854
3956
4221
3827
3358
113
369
1840
3246
3802
1034
217
388
155
4881
1293
4422
1219
1514
4709
535
1044
884
3756
214
244
732
2715
1281
2741
2395
1039
4561
2188
4415
4433
1165
41
4782
4583
12
1449
3368
3355
3740
1046
2402
1781
3304
2540
717
2974
1234
3933
4472
2684
2077
2697
1268
2993
4358
3462
2613
1643
2606
780
4356
3759
2505
2084
1561
4696
342
798
4417
55
1297
3574
765
3122
4623
173
2953
4455
2051
998
3356
40
423
4500
192
2650
2810
3984
202
4833
247
15
4467
4072
2124
1571
3126
145
4871
2059
4976
4612
2033
1104
2667
1669
2204
844
1439
2167
2569
1948
2220
1686
2364
1358
2214
2060
2424
4571
1325
4814
3938
4543
1458
3662
3985
1947
4974
2660
60
2721
4038
1320
4332
3400
1342
4111
2270
4937
3452
1377
3620
1832
3836
869
3015
509
2130
2285
4614
1765
3527
886
4216
4256
228
1108
3441
496
267
2135
1086
1880
3144
2083
3701
1609
3424
4218
2026
3895
3899
3298
1319
1782
620
4435
689
288
4401
426
2372
747
1552
3263
525
639
2434
2253
1015
2262
627
3747
20
2080
779
565
3577
4957
2221
4516
914
3374
936
703
3781
32
4133
4187
2249
17
2478
1805
2533
4402
256
4466
1471
587
126
3880
5
4763
1018
147
4539
2592
4916
4802
807
4483
2657
1560
1279
4710
4505
4806
3734
1380
2472
3482
91
3532
3103
377
455
3849
2406
2357
4055
1
1755
1651
2295
4272
2804
248
2958
4364
1013
406
1050
2768
3825
4548
1592
3565
1656
3409
3189
1283
132
3625
3823
4512
3225
3817
2153
219
19
2516
4449
4719
3667
2230
2272
2543
4471
330
28
1740
3913
4762
652
4967
3942
123
3256
3437
1897
2942
4106
2427
1329
3022
3890
996
4506
1146
2705
88
3139
538
220
4087
983
3160
3556
3436
3005
4844
3334
1131
4799
1762
1510
51
647
415
542
4746
1839
4532
1831
4943
633
4905
4517
3318
1082
2202
1185
786
4361
1546
2712
26
4915
1703
1748
4852
3086
729
968
1459
1528
1531
4574
1747
3337
3145
1212
1887
3592
4233
3998
4238
3464
2908
1410
4682
2760
489
3619
3999
2487
302
2401
2690
1858
164
1951
3547
3624
4972
4076
4077
1001
1352
3552
1987
3712
2024
748
1792
4631
3403
1470
2783
4000
2825
3540
1480
1058
831
3833
4046
2653
1441
1515
3023
397
3884
830
3719
1112
1756
3897
2074
3074
3386
2959
985
1218
4132
2732
3032
1375
2924
3659
1076
1556
1321
1420
4511
4465
1526
4515
89
280
3800
2852
4568
1715
569
4836
341
2735
2625
4116
445
1100
2583
4078
2388
1194
2105
2682
2629
2626
2709
2640
2909
4355
2095
2113
3031
404
645
3027
2581
3583
3710
675
3418
3445
4074
2661
4028
1242
2925
1409
1565
772
4948
4993
2146
279
865
3041
2287
3249
874
724
3791
2558
2641
1074
1036
4431
4765
2600
960
1138
3484
2663
4015
508
4213
4956
1488
3275
3900
3489
4909
3332
1267
1485
1542
4952
3278
806
3035
2927
3245
1864
431
4281
1258
521
1533
3811
222
2886
3760
1135
1245
2036
1942
1452
698
3954
3501
4549
1612
4942
1562
1365
3025
2
1501
2758
3973
3105
1379
1551
285
3405
1714
3254
4722
2616
1079
812
878
1192
2117
1597
2955
1768
3561
1658
4384
1060
3685
4488
4231
2219
3231
105
2419
2654
3829
2999
2520
2833
3282
962
568
3095
730
4250
2868
4070
1739
4479
4875
3276
2224
3780
3725
3563
674
200
2710
1147
4198
4876
3860
2509
4651
2937
3682
3307
2681
1313
4999
1640
207
2448
2174
1180
3876
265
1796
656
3530
1884
1376
4558
3512
4033
4640
1692
888
185
857
4955
2895
1479
2574
1771
867
4199
3978
1430
3988
1619
1239
495
47
1980
553
3128
3642
908
2198
3300
475
4553
3077
2157
2541
4043
2622
3845
3421
3531
4134
1304
2599
2776
584
2046
3713
3159
2578
122
4208
1292
1226
3053
4349
2499
923
4474
4010
2325
2030
3935
142
1183
2070
1116
241
1125
1517
4886
660
3596
281
2973
4379
2773
3906
1140
253
1030
3087
1793
2090
4748
3043
2181
4121
2512
1026
4303
1427
1730
1443
2182
4432
648
402
4742
4883
295
3107
912
2797
763
3593
4727
1822
751
1490
2704
2369
3229
1227
4368
3029
4582
2446
2145
3120
4047
1868
3269
3020
2790
4758
4017
2774
2082
2373
4750
853
2703
3250
251
3432
3425
725
4196
4054
3646
3330
4850
4755
2464
2156
4922
1096
3399
391
1362
2740
715
2869
3548
3011
3675
2218
271
3600
3771
2796
4155
597
2524
1807
2747
75
982
1318
2251
604
1011
3194
2965
500
2714
3010
4529
1869
165
501
3201
3502
2284
3866
2303
77
364
131
924
4154
3671
4317
4720
3745
2477
880
4161
328
1644
3069
2506
1055
1284
3972
272
2537
2089
1286
3821
1087
848
856
2479
4659
72
682
2943
1859
4067
2722
540
2473
1570
4376
449
1833
4494
3163
4141
2670
4129
4728
206
2519
2027
1460
2633
4301
1879
1396
3173
2389
1727
1343
3517
4193
1316
4027
3635
2123
1208
1751
2020
758
4933
4843
3962
4601
791
3831
353
813
10
961
2237
547
4679
1042
2431
2350
4995
4878
4692
3214
3677
2132
4350
208
585
3788
792
3291
2102
4618
612
87
2585
3613
4371
4996
4985
1014
4997
1070
2366
479
2455
2919
1160
601
3696
4260
4920
556
3111
4029
2418
4678
797
1846
2820
2827
4460
1047
425
453
3354
3393
95
1668
4340
2867
1431
3433
98
2545
2632
1114
3260
1062
986
166
3479
2879
332
2755
4362
439
1719
2528
1937
349
679
902
4625
4644
1504
4565
422
3534
2453
3363
3655
4983
2014
2347
2118
1511
4761
246
1262
3413
2066
4984
1830
826
4480
973
2481
1348
2905
2775
3605
3174
1545
2329
754
1709
1412
3824
2580
2375
3262
1461
393
1043
143
1736
2607
2172
3026
3483
2072
1402
112
182
3349
416
4357
227
3209
3297
483
2160
4981
2057
2367
4822
3321
1481
2673
3569
2980
555
4774
911
239
387
2317
1812
3529
1637
1829
458
933
3814
1731
1155
1600
4646
3309
3288
4124
4654
2019
3456
3968
478
1221
4862
4718
3476
1340
3227
3419
691
3980
3302
4645
4848
4919
4232
2286
3867
2843
3397
3157
2835
174
745
889
3242
2438
1568
3166
2094
3581
237
2672
3012
4215
2488
4725
1618
2320
2267
1181
3237
4019
1225
1634
2717
3528
4658
373
1817
3495
83
1627
1172
1500
2296
3481
130
4936
3410
1033
4456
875
3381
4892
4587
4388
4839
4829
1602
3861
975
4004
3783
2655
3767
405
4805
6
615
832
2000
1482
1073
3691
4188
4743
4407
819
4453
2765
2750
325
1312
1106
2645
350
1038
1314
1909
1927
4930
2170
4605
3507
1983
383
2643
3822
1724
2217
1694
3223
3946
429
994
408
3131
805
2398
2979
1985
1330
4172
1589
4354
4387
3815
4665
2856
2638
694
1916
4657
2338
843
129
4885
110
3151
3612
3195
2853
291
3837
153
2921
1467
2068
2893
1326
4367
2862
3850
1000
1489
3567
3000
261
477
3314
1150
3375
2085
1923
1117
4381
1323
3647
4602
1758
3046
250
4542
1128
3773
783
1915
4628
3744
957
4897
4084
2340
3967
2952
3950
1794
473
4643
3522
3693
3994
1697
4095
1056
2591
3162
3819
3835
1193
932
4012
2551
2730
4478
3751
4633
3294
1701
4094
3366
3656
4022
2718
4102
2203
1843
2961
2459
2484
3271
2991
4810
515
2231
3674
4034
2166
2560
4860
2725
4778
1201
4815
4082
4736
1390
1650
231
1537
4599
2623
3910
1720
1941
602
2138
1993
3024
3702
4343
1577
4166
4123
3799
1167
2184
382
3347
2618
3966
4918
3778
3752
2056
3372
3898
2685
276
2404
3190
4079
2656
1576
1677
3391
925
4615
1454
4382
3323
4445
2359
4394
1628
2309
9
3141
357
836
4636
1118
1976
4921
4954
1683
4891
4949
4690
1543
209
3287
910
4676
823
1791
4637
290
4397
1367
1865
1209
4734
1220
3687
770
2815
2742
1435
3676
3099
821
2420
2383
3474
1386
4776
2300
4319
2526
1101
1689
1041
4745
815
1675
1433
4254
2152
3408
4584
4083
463
4798
4352
3905
2206
3147
3066
3444
2365
1230
778
4564
1175
3679
3284
3191
395
191
1647
4704
4142
2830
4299
482
4556
3402
4608
2931
1806
4962
2133
1591
160
3473
4705
3616
4251
314
4825
4502
1857
4851
1103
4062
1770
1355
4780
2989
1089
2337
427
2890
4427
1569
2482
1115
822
16
175
1946
3846
3180
877
4178
1272
2450
4991
746
3091
1099
117
1190
4775
4071
1984
611
3515
467
1361
4975
4414
3170
4697
484
2891
2008
2802
969
1091
3626
2456
4151
2134
1236
4237
3241
1157
839
1625
935
4316
658
486
4777
188
1468
1649
2792
115
3727
3344
3706
4228
4311
3075
2870
2037
3422
4112
1698
4140
2485
1604
1068
894
800
743
2111
3996
1778
4902
3658
810
4392
63
4557
4786
3520
4248
3516
2139
3976
1629
2556
1497
3310
1841
4253
1710
1972
298
64
4006
4570
775
4507
1852
2636
3604
684
2998
2627
522
3690
1809
589
1090
663
296
2882
554
2904
4895
205
3797
2777
1867
1956
3948
1238
3776
1273
841
1233
519
4125
2120
3936
4687
4327
2441
4105
472
1982
1382
1263
2385
2458
1524
2394
3794
1520
3255
133
497
1876
3459
3726
4314
3085
990
2688
157
2884
1789
4276
1851
2753
4740
428
4169
4393
137
981
1922
617
2876
4509
1505
2061
2611
1539
1052
4817
641
3319
899
3264
3944
2260
2698
4007
420
959
4667
3551
557
1907
4345
1894
1164
3104
321
3008
3891
3804
4779
3764
3564
858
2258
1581
1244
3054
825
4767
4158
4491
2390
1968
3699
3491
3847
2635
2620
549
693
4729
3057
3729
4578
1861
1381
233
203
2834
389
2885
1767
3228
1815
4773
1878
883
3652
2449
3097
1120
3292
3638
1383
2986
3803
2021
4597
1016
4326
4938
2462
3088
413
4328
242
4691
2603
3856
590
1059
4482
4854
4025
768
4811
2962
360
3748
444
2981
1519
3065
760
4438
1496
2823
2782
3543
1928
4988
121
146
2746
2728
1350
3253
2554
790
4333
221
3648
2471
686
263
2550
1680
1603
158
4404
96
1223
111
1795
4594
1549
3789
4717
1021
1289
3793
3523
344
3324
3721
993
4849
356
3743
3663
3373
1222
3101
3109
4747
2594
710
4009
273
2194
400
4674
3892
1974
4953
1450
3542
2416
1944
3957
2304
1673
3486
197
1978
76
2863
3665
1933
3661
3084
978
2630
709
950
3398
2430
1154
946
1503
4127
1232
2568
3070
2316
4785
3028
4672
3394
1850
1834
85
2185
2273
3420
649
4398
1426
2729
3505
1607
2483
2702
852
1666
3559
2245
2238
54
259
1137
196
4268
4589
2261
2929
3738
4399
562
3807
3953
4224
3632
1195
1688
4341
1415
1429
4424
4245
2179
1523
3251
3177
638
18
4365
3226
4754
1530
1069
630
4845
2216
1311
1606
224
1229
4292
3341
4566
4596
99
252
2269
4508
685
4768
3178
2699
1121
2330
4344
3644
2743
36
2474
1119
1636
3376
3230
1368
2298
4096
3576
39
4495
744
4104
2454
2055
605
1213
1142
3686
735
4383
2467
824
2387
1684
614
1900
3854
1913
3763
92
664
4348
695
3096
1102
2232
4526
2798
4373
392
1645
3872
459
3774
3343
3411
1095
1738
3692
4987
3335
3270
3834
4227
3316
827
944
1803
1109
3301
2745
2058
4857
335
3607
631
3615
1134
4632
4683
390
4753
2865
845
3034
3401
340
4005
2088
2723
3741
1143
138
4291
644
4864
199
3454
4576
4861
4524
2756
3073
610
49
3970
2054
4093
1584
808
4504
1954
3812
3427
65
2067
1456
1278
514
4951
1535
574
3238
3136
2933
409
1324
1596
3207
3893
1444
2511
3901
4680
3320
817
195
2308
3059
2838
4021
2503
4541
4423
2842
474
4964
1676
4312
1028
2609
4249
681
1960
3704
4684
4724
2970
424
607
3415
2668
1863
2839
2381
4212
4329
1901
4819
2437
3688
183
4201
1845
3117
2307
4280
734
3417
3338
1893
3641
331
752
1595
1097
1370
2873
1754
2995
443
3557
3707
255
3156
2602
892
1784
3258
213
141
3340
3470
2271
4179
2349
3594
2279
1866
1228
13
2356
4577
1711
283
1723
958
2800
1023
4110
2791
2425
864
226
2358
3588
3566
1931
534
1950
3885
3855
1301
2716
2911
1012
3506
3995
4298
407
3268
4380
1491
591
712
4795
4617
3447
3945
3051
4629
180
169
4229
4167
287
1881
2498
716
4425
216
3513
4059
1614
4014
1994
94
3004
1217
559
401
3285
11
2442
2984
3455
3218
4264
4258
1037
1399
2977
2190
1721
1763
4807
2041
278
234
2575
461
268
1385
3370
2200
3844
4225
292
56
3916
229
4330
1477
3018
3369
2144
4760
4066
2407
1788
2032
4820
2968
4243
2881
692
1908
661
2397
3293
895
1483
2241
303
1025
4639
3889
2391
4209
4771
2692
4073
3560
1344
2331
42
3614
2971
3611
4808
520
3918
1148
3888
1124
4100
3818
3881
2199
1895
3683
4285
1910
598
2319
4586
4838
4103
414
506
2412
3360
2417
4197
3200
4190
1753
504
1364
2001
2950
1113
4994
2115
3681
493
2898
1448
4091
1081
4443
1527
1986
134
2470
4894
3446
3326
1737
3673
1516
4834
1828
2079
2719
2510
2243
771
4108
1621
1255
3325
4405
2784
4162
2749
635
2439
2841
863
2679
3280
4739
4475
311
4048
2628
537
2466
2283
2400
532
119
3750
4372
1746
3192
4707
434
4400
84
2031
2517
2029
1626
1111
4858
1657
1072
2941
1092
2963
1529
4677
1216
1310
2530
4899
2386
1965
1663
1594
4369
4069
258
1534
3152
2376
979
1513
4809
1587
4907
728
2447
3492
3927
2840
4204
4533
2022
4873
3039
2757
1567
1716
3660
980
3443
125
766
1819
3754
859
2780
1306
4619
4668
1785
2289
2480
3828
442
2154
82
1940
3266
2936
2724
1798
2766
4279
3755
4065
928
4624
2871
2619
168
3695
471
1790
4663
787
370
3161
1925
236
2809
4013
1896
1161
4575
2504
2923
120
1905
3382
2229
4244
4049
2605
3932
2500
3199
2906
3550
1484
2916
2050
1682
3657
2310
4538
3056
3914
4026
1590
977
4241
4304
4961
769
1363
3235
2587
4592
3728
394
1777
2910
3601
1949
2552
4305
699
829
410
942
1573
3208
3941
4641
714
2163
1132
640
2052
756
1302
503
176
2938
3851
2183
646
4310
4569
1826
1646
3937
4940
2538
1541
3951
451
2112
2324
2588
4673
1159
70
437
4741
1538
4880
3367
4689
2348
3533
4283
704
45
2597
1339
4085
4863
940
2844
2189
1144
4045
2091
4913
2665
3887
3971
1438
4699
966
4135
181
3047
2846
4925
1760
904
3440
3198
4824
343
2222
2678
4284
2778
3649
3123
1184
59
3960
136
22
1054
4168
3848
4309
1022
1210
21
320
2210
4832
2293
3435
1170
782
50
3183
3989
4555
2035
4088
3585
2011
3894
1309
705
37
799
964
3135
4793
270
2486
3205
3212
2759
80
3048
3617
1476
1700
3283
4257
101
1695
1400
2012
2335
3132
485
762
4945
3672
3124
773
2934
1020
4901
3311
1837
4265
230
3197
4908
33
3149
4647
3426
3196
3806
1327
1260
3239
1040
4545
3558
3379
2103
2053
204
3090
2930
2639
4302
3498
245
2039
4192
847
1152
4217
2945
4359
655
2570
2081
1507
1446
2463
1416
4649
2772
3703
3252
3203
781
3716
2573
2345
2109
1752
1973
3871
3493
4514
2393
1945
78
835
1240
116
4702
3206
4498
1417
4906
316
3610
4757
4708
2342
3940
2495
882
2343
3348
999
149
623
2542
2176
1934
2851
74
31
4003
3883
2786
46
1274
346
2567
4261
736
2187
1200
1403
4946
1334
3331
1939
2164
1804
4893
3217
2034
722
243
4335
2751
3429
4023
1712
3524
3518
4139
4109
3049
1508
193
1166
4171
1366
987
3449
1836
4563
1699
4181
720
4242
4865
1885
2960
901
299
2044
4924
618
4959
1105
4097
2956
2913
2544
3472
3471
2858
2805
731
3461
4420
4353
358
3478
1425
4185
4448
527
3387
361
2451
4540
828
3305
3494
3805
3467
1005
1593
512
3469
1392
1564
3785
2696
3211
1067
4816
570
2092
3852
2440
3169
2642
1707
657
4107
1141
2460
3808
2205
2178
3155
3030
2415
1252
3579
481
177
135
3395
4620
3143
3345
1168
367
1574
25
4823
4148
1776
1237
1544
2351
4117
466
3457
2762
3380
2023
3068
2754
2926
1107
2901
1678
4176
1702
2339
4099
1346
170
513
2209
4277
784
671
4794
947
636
2063
384
2894
2788
974
2767
1261
4451
1151
2806
1196
3315
1989
4440
4063
2738
668
4544
777
1387
3272
2414
1611
4375
1773
3468
306
2379
866
1337
4867
44
4791
3383
4439
2069
3438
4239
3925
1332
435
4146
4711
201
2529
4493
4153
3327
4444
305
1173
2975
2818
2405
2065
1779
1813
3079
2255
3595
4830
2878
3221
3839
3917
873
103
4434
1547
558
1472
1734
1642
1371
315
1990
794
465
2946
4650
2207
4528
277
2922
4730
4950
3210
3926
2521
2799
1126
69
3509
4
3098
102
3121
3623
3430
2589
97
4418
1575
446
4669
4101
4801
1957
3423
3538
3213
2122
1432
2362
38
4910
3753
1961
3886
4307
4693
742
3487
4513
1305
2889
1440
4560
4960
3061
3142
4370
4040
2658
4518
371
1434
2814
351
3790
4523
1307
2326
3639
4413
274
3571
956
3504
4585
4634
2165
2374
2268
1713
3700
2028
4294
3089
1270
2859
523
1493
1045
2064
818
3841
3181
1572
1088
673
1955
2100
4941
3365
4183
931
3762
4064
2662
1929
1975
2101
3224
3541
1883
3896
3862
4081
1553
1251
2015
599
4792
2896
4008
4174
1630
1578
4635
3853
4554
1354
1347
4347
887
4642
1462
3434
3185
1085
1685
2614
4137
533
1139
3991
1149
3669
4681
2562
3308
3765
4255
1182
3290
1844
3007
27
4884
909
4336
2631
1726
1447
86
4051
1259
3873
2233
2226
854
2612
3490
3952
4603
2845
4530
4322
421
218
4872
184
1275
670
1655
368
212
531
2299
4476
4391
2087
3240
1808
1764
711
588
1098
1008
4389
896
4131
690
2887
4698
3589
4977
2311
1162
2954
1378
4214
3499
4611
2010
3055
1475
517
490
2426
232
2281
4086
1512
4998
187
2900
1502
375
2175
581
4126
2737
4790
4606
4205
653
3187
4207
1617
1075
1919
1729
834
4296
3842
2764
2807
1203
1057
4821
1521
4041
2596
4056
890
4395
967
4339
2491
3389
1129
4039
3959
4971
417
2637
1761
448
3134
4551
2494
4497
721
4331
1583
4114
488
1492
511
4060
4626
2787
4567
4887
3739
2143
3175
1774
510
3766
4610
4580
2384
1010
4130
2306
2043
868
563
2017
2197
2038
4324
1419
1696
1632
1536
1002
3167
3296
4377
3384
4337
4581
1064
2808
4385
672
2948
3582
1558
3259
2513
609
1918
2649
4194
2610
2114
4421
3092
4889
4904
929
4980
4588
324
4787
4756
3782
1063
286
955
1825
4926
3575
4982
2392
4934
2731
4759
3868
3963
4159
4271
2917
4145
592
2944
1498
3033
1464
151
3777
1938
2469
566
3119
4546
2248
1442
708
154
2615
3597
2225
1499
2539
4050
3130
1847
4796
1660
3428
567
3598
4061
4297
906
2093
1391
319
468
4652
4914
662
1924
811
4655
3404
1276
2399
4595
505
3503
3546
727
3463
2549
3336
3993
4170
4510
313
4200
266
379
594
403
659
3779
1888
1991
450
1981
541
3840
3633
4412
3826
178
4037
3158
440
2683
2380
2128
733
3100
4804
4186
1741
1048
696
941
3353
4486
3076
3172
2771
582
2518
419
2677
3678
3006
548
1130
289
528
934
3634
2523
3233
4300
4437
1153
2422
3009
2013
1820
210
573
628
3553
4175
586
329
802
4360
3140
2409
4973
2191
3060
713
3838
4733
4656
4144
1735
326
3179
3666
1078
3986
2652
4002
4840
4458
3757
322
3969
3908
1191
1408
3770
1207
3869
1280
1672
385
2489
4403
3608
972
2914
139
2584
2368
4053
333
3317
4210
2907
1970
3261
172
4525
4282
1674
4454
2648
215
1616
2982
816
140
3562
2334
4828
2086
3643
1525
293
989
3019
4931
918
3820
1766
4122
194
1780
4847
4831
4180
1797
4274
4660
4685
1599
4032
2211
4075
1943
3722
637
398
3858
2259
2234
4700
2049
2940
2736
1174
3466
3392
1003
3460
2186
3939
1264
3164
3830
2848
2129
3081
1235
3943
4671
1615
2928
1049
71
4715
3921
3875
1802
148
1071
1414
1169
2598
3865
3570
4935
850
3176
3697
2212
3737
1241
4236
1136
452
4275
1853
575
4703
4463
2208
4351
1179
2824
73
995
1664
2987
4016
3083
3153
3584
4290
4173
186
632
4675
1652
3731
1404
1662
2816
1917
1110
3761
1681
2576
2779
1620
820
4489
2421
1206
796
1019
4535
2726
2553
2693
4666
3286
951
2148
543
2290
3064
3407
2659
4751
4638
1705
937
1631
2813
680
2785
953
3915
4206
3378
3609
2177
2265
3045
2700
7
2988
1659
2566
2075
2475
3772
2263
2002
876
4157
3907
3689
2647
3281
1963
3165
4749
3810
2875
3351
2161
3377
1882
109
4853
2291
2531
376
900
4226
3930
1835
179
643
2076
3168
4688
1384
254
851
1958
1566
2314
3265
3416
3193
4912
464
4318
1874
1977
2608
269
4947
3928
3784
2246
1661
4408
2107
1580
4534
3021
984
4273
4119
1999
436
498
3983
2244
524
2897
1080
1418
249
529
870
4149
323
4266
2997
2318
4621
491
2577
719
4989
2444
1205
1029
4712
4826
930
2514
3714
430
2761
3922
355
4841
2582
3184
3346
1163
3137
3036
2315
2708
4856
2821
849
1952
2119
1679
2932
4052
2264
52
2892
1315
257
4128
564
2604
4966
600
470
2126
4024
3949
1745
106
3526
3093
1509
2706
1787
3718
4263
1389
4419
1178
2140
2920
3127
809
4323
4138
3843
3775
3591
3359
4211
4068
1266
905
688
2899
1122
4202
4452
2857
2171
1665
1006
1891
433
949
871
2468
3277
4879
1145
764
3361
4240
2254
2912
1704
954
2371
163
4593
4416
2902
211
378
2595
30
2047
8
2432
4648
3339
3219
1093
2313
1670
667
4496
3627
1732
1177
3879
2018
1750
3014
2116
67
919
1224
1395
4409
2880
4827
1296
2866
1373
2832
1860
572
4723
1920
1133
4772
4527
2110
4911
3555
3465
3071
338
3364
24
539
1904
1648
1411
3992
2593
1422
492
2201
4160
4855
4732
2266
1877
4163
3684
4870
1271
1215
1875
2048
2669
642
4842
2734
2994
3864
3746
3709
1903
2428
4346
3116
4917
4630
297
3786
3769
1912
666
3500
294
1588
1921
3587
3636
57
1757
903
2223
3536
100
678
4837
1930
1890
1728
4230
4903
650
1202
61
2278
2228
1388
4011
1749
625
4866
2864
560
4874
3313
4247
365
23
1691
2242
4092
4080
2292
4487
1842
3903
354
3257
2169
3072
750
1932
4374
1285
1522
1158
546
2903
1250
757
3947
2992
1061
1690
3990
3453
2257
945
3816
3554
2352
2333
2227
2097
2193
1849
1248
2849
4714
4267
2967
4965
1914
576
2781
3877
4653
4522
897
2302
2301
1624
2763
2195
767
759
3975
938
2671
3857
2078
284
4446
309
4252
457
2695
1772
755
4287
921
2694
1744
2322
2332
4562
366
362
2433
1176
2586
3618
4788
14
1801
3629
580
4622
3902
1654
1253
2515
2744
1428
3037
1051
4036
0
577
726
3698
943
1290
2213
2502
4882
1407
4769
2445
1405
2579
898
1886
3115
2344
915
2634
4447
3572
1465
1393
1295
1294
2819
3732
2561
838
2557
1610
2803
1413
1457
2822
3082
3414
4473
970
4600
1024
1613
1359
3974
2071
4890
3955
1718
579
550
571
3475
2196
1437
516
1322
629
4604
1811
4485
4929
1926
4342
1816
922
622
1892
4152
4572
4191
920
1554
4661
1641
1962
1360
4520
2646
907
3640
4735
235
3078
3645
3535
1818
2789
3016
2966
885
1249
62
4869
2142
396
3882
2346
4789
2443
4927
3303
1369
3322
1127
624
3312
3711
476
1204
2990
4783
3129
411
963
456
2250
1775
2162
976
3040
238
4118
386
1598
4944
1743
381
862
4992
3749
2150
2141
545
2370
2522
1601
1906
4813
3723
1997
4968
551
4182
846
3488
4259
4939
2664
840
1971
1608
1653
2949
2360
3964
1094
118
487
4223
1017
2621
3148
2125
347
2149
3578
804
2429
801
872
4469
1953
795
1555
2676
3216
4616
1421
926
359
4410
4136
2396
4246
1870
4058
2828
1871
583
3724
4590
3637
66
3451
2939
2137
707
3931
3450
4923
2411
4219
3863
651
3599
700
3496
3742
4958
502
3439
2687
4428
3458
1823
4313
3573
1197
3919
2720
3929
2073
3125
4764
1639
4613
3859
260
2277
1035
2159
2007
3622
1911
3606
3664
2312
1667
2532
3013
1254
3243
2666
1622
152
4784
526
3920
3108
626
4461
4607
1455
1988
29
2826
4462
1282
1453
4390
2675
4797
3511
788
3052
2247
1123
3717
4695
2547
1451
3102
4900
1214
3798
4378
3801
2535
1687
3909
4835
2408
2294
363
4781
3001
4334
2935
4177
1967
2321
4386
1518
1559
1742
1265
4441
4203
1335
723
3670
2713
3514
318
3650
2106
1873
1717
2240
1586
2436
4770
1357
159
3112
3568
881
774
939
4896
3705
3118
4396
4315
4573
1800
2423
1532
1317
4818
4338
2045
2274
741
3080
108
2563
676
2256
4306
2410
2951
1856
683
1635
380
447
4184
1007
1838
3289
697
4366
4477
3987
621
441
2691
1821
4270
3653
1308
3154
4165
1199
2099
3058
2674
114
2354
2964
310
4220
4537
879
2005
3965
3981
3247
4552
58
913
2793
2978
2461
4800
1638
2490
4662
2536
1964
4278
2305
776
1188
4429
4928
3388
1814
789
837
2836
1077
3733
4706
339
2327
997
1495
2727
1288
2829
991
3720
4888
507
2983
1198
2323
3042
855
1725
264
4598
706
1338
4686
1478
3279
3904
167
300
2546
4519
3182
345
124
4442
336
860
1189
4713
4457
4752
2915
90
2042
454
104
2025
4627
1899
3549
2328
1300
4499
4031
3539
4609
3232
308
2104
4963
412
2918
893
749
2565
654
2003
3787
1171
1487
1083
127
2527
2180
4550
2353
2507
606
307
917
595
3832
2811
1466
2158
1066
4464
1671
1247
3267
3792
1708
2795
2644
2173
348
2147
2850
1398
718
1341
4044
3537
1187
2969
3306
225
2847
4235
2493
3442
2689
3220
803
4721
1902
4744
1331
1436
4859
2883
1783
1540
1759
198
2009
2572
3248
460
4726
4098
2168
1799
1579
1848
2275
1269
4234
2501
4536
2236
753
4147
304
2336
2096
2465
1394
3329
3133
4670
3545
4325
1277
2508
1582
665
3680
2564
965
1031
3202
3796
301
2496
4932
4701
2888
2794
4559
4664
3204
1889
43
3114
3186
334
3362
4320
3050
552
2297
1406
842
418
1353
2151
79
3234
2492
327
499
3708
3390
1032
223
3342
4970
2276
3631
1992
1401
634
4990
3485
561
1862
128
1211
4406
4286
4436
1827
2476
2378
593
2377
2252
34
3497
518
3106
687
1936
3977
3630
2707
1156
4738
3934
4143
4547
1486
3273
1969
3758
3621
494
2062
3997
3651
1935
2701
1009
352
1004
2837
1550
1623
536
1336
1633
1299
1303
740
1445
4979
1966
2555
2601
3923
3504 3505
3660 3661
2808 2809
3736 3737
3568 3569
1864 1865
380 381
4320 4321
3350 3351
1919 1920
2255 2256
1569 1570
377 378
2246 2247
3856 3857
3355 3356
702 703
2672 2673
3319 3320
41 42
2470 2471
1781 1782
4081 4082
3751 3752
3453 3454
2024 2025
2894 2895
1650 1651
2721 2722
2930 2931
1164 1165
4334 4335
1243 1244
4946 4947
4443 4444
2424 2425
2997 2998
2551 2552
107 108
1707 1708
433 434
3935 3936
2444 2445
1839 1840
2339 2340
3495 3496
2354 2355
4400 4401
2286 2287
62 63
1065 1066
4702 4703
2619 2620
1138 1139
981 982
2271 2272
1667 1668
1996 1997
4353 4354
4750 4751
2653 2654
4370 4371
4387 4388
2751 2752
2219 2220
3270 3271
1233 1234
3879 3880
3150 3151
1751 1752
2145 2146
560 561
750 751
3480 3481
2504 2505
2300 2301
4895 4896
3118 3119
1933 1934
3076 3077
1278 1279
2751 2752
4077 4078
992 993
2504 2505
9 10
2965 2966
3536 3537
4103 4104
4148 4149
3332 3333
4611 4612
1905 1906
2898 2899
3 4
1518 1519
3173 3174
894 895
70 71
4586 4587
3782 3783
4621 4622
193 194
1999 2000
2906 2907
3652 3653
1676 1677
2078 2079
1587 1588
105 106
509 510
506 507
3661 3662
1987 1988
908 909
1381 1382
4410 4411
2096 2097
3992 3993
3240 3241
4715 4716
3709 3710
3834 3835
1845 1846
498 499
2989 2990
1569 1570
2878 2879
4585 4586
2130 2131
2978 2979
2680 2681
318 319
1976 1977
3157 3158
1966 1967
4585 4586
315 316
2381 2382
4091 4092
4122 4123
321 322
266 267
1938 1939
3495 3496
2475 2476
2028 2029
3766 3767
999 1000
979 980
790 791
4605 4606
2179 2180
3110 3111
1326 1327
1601 1602
1084 1085
470 471
3981 3982
3218 3219
1480 1481
3658 3659
3840 3841
4078 4079
4816 4817
164 165
1474 1475
4155 4156
25 26
3577 3578
1298 1299
286 287
120 121
3499 3500
611 612
472 473
653 654
878 879
1370 1371
2619 2620
1696 1697
2770 2771
4263 4264
3308 3309
1512 1513
3672 3673
549 550
85 86
2740 2741
2023 2024
418 419
73 74
4362 4363
3647 3648
2301 2302
3556 3557
4645 4646
112 113
214 215
2054 2055
3517 3518
4386 4387
2783 2784
1466 1467
155 156
3158 3159
4303 4304
2944 2945
4763 4764
813 814
4058 4059
4389 4390
3127 3128
355 356
1796 1797
4191 4192
2147 2148
1643 1644
729 730
2139 2140
4307 4308
1000 1001
1148 1149
55 56
3957 3958
7 8
2006 2007
114 115
2534 2535
566 567
1261 1262
1408 1409
4639 4640
266 267
1906 1907
4518 4519
3448 3449
3201 3202
2835 2836
4265 4266
671 672
2655 2656
3102 3103
416 417
3208 3209
3317 3318
526 527
1930 1931
909 910
36 37
2466 2467
2381 2382
4205 4206
274 275
2856 2857
973 974
2238 2239
1236 1237
4465 4466
1923 1924
2811 2812
1369 1370
1662 1663
3114 3115
3099 3100
3078 3079
830 831
1740 1741
4721 4722
4226 4227
3117 3118
223 224
4669 4670
3566 3567
3532 3533
404 405
2212 2213
4444 4445
4144 4145
4116 4117
4250 4251
505 506
2335 2336
2285 2286
1485 1486
1390 1391
1257 1258
3263 3264
3219 3220
1992 1993
4393 4394
864 865
3926 3927
3098 3099
3205 3206
497 498
1624 1625
4673 4674
4183 4184
3978 3979
1617 1618
1220 1221
877 878
2671 2672
2576 2577
3259 3260
3357 3358
2451 2452
1994 1995
3609 3610
3757 3758
2958 2959
1961 1962
4630 4631
664 665
1132 1133
1967 1968
1796 1797
118 119
2791 2792
1302 1303
3648 3649
1979 1980
4310 4311
1497 1498
1800 1801
878 879
628 629
20 21
3273 3274
4667 4668
96 97
759 760
509 510
1633 1634
4047 4048
3206 3207
1563 1564
842 843
3595 3596
2275 2276
236 237
3715 3716
1683 1684
4236 4237
4376 4377
1849 1850
4562 4563
558 559
2343 2344
1771 1772
2660 2661
4544 4545
355 356
2660 2661
801 802
3188 3189
1120 1121
2188 2189
157 158
1293 1294
3888 3889
4451 4452
205 206
3059 3060
4251 4252
1037 1038
577 578
4020 4021
1721 1722
513 514
3328 3329
3180 3181
1682 1683
2122 2123
65 66
2390 2391
304 305
148 149
2090 2091
2962 2963
1529 1530
1367 1368
264 265
4322 4323
3747 3748
2062 2063
2918 2919
1159 1160
10 11
4373 4374
458 459
2830 2831
4551 4552
3785 3786
1762 1763
2713 2714
1143 1144
2717 2718
2197 2198
3559 3560
784 785
1118 1119
1197 1198
3592 3593
2193 2194
1944 1945
172 173
4232 4233
4302 4303
201 202
4455 4456
4376 4377
3148 3149
4446 4447
1938 1939
2260 2261
4333 4334
1358 1359
3288 3289
380 381
2239 2240
1835 1836
341 342
3792 3793
106 107
1602 1603
178 179
1991 1992
2637 2638
2046 2047
3917 3918
472 473
552 553
438 439
220 221
345 346
2794 2795
3674 3675
3778 3779
29 30
2404 2405
599 600
3691 3692
779 780
1115 1116
61 62
3575 3576
28 29
2084 2085
3453 3454
3114 3115
255 256
3567 3568
3189 3190
2766 2767
4260 4261
2573 2574
3091 3092
3272 3273
952 953
67 68
565 566
1993 1994
3490 3491
3557 3558
1170 1171
2969 2970
3173 3174
3866 3867
873 874
253 254
81 82
331 332
1683 1684
910 911
3399 3400
3854 3855
937 938
3983 3984
4493 4494
570 571
247 248
506 507
2639 2640
2419 2420
2125 2126
3091 3092
4193 4194
4373 4374
1245 1246
2228 2229
3547 3548
2904 2905
2290 2291
1329 1330
644 645
3283 3284
3548 3549
4250 4251
728 729
1324 1325
2552 2553
2023 2024
2073 2074
4259 4260
4280 4281
385 386
3154 3155
4118 4119
3263 3264
436 437
850 851
98 99
868 869
2368 2369
2100 2101
2403 2404
2891 2892
436 437
1902 1903
1168 1169
642 643
2126 2127
1620 1621
419 420
1133 1134
3549 3550
500 501
1130 1131
3135 3136
2357 2358
3924 3925
3573 3574
420 421
734 735
2812 2813
3082 3083
2485 2486
1193 1194
2833 2834
1880 1881
1530 1531
3353 3354
1017 1018
3132 3133
3022 3023
3003 3004
4171 4172
2840 2841
610 611
3762 3763
905 906
2490 2491
1331 1332
1484 1485
3777 3778
4083 4084
2275 2276
2105 2106
2462 2463
3661 3662
922 923
3211 3212
4399 4400
3972 3973
1042 1043
2599 2600
546 547
3050 3051
1891 1892
4383 4384
3241 3242
3747 3748
4020 4021
1696 1697
2949 2950
1437 1438
3442 3443
1828 1829
2003 2004
2312 2313
4139 4140
3760 3761
3382 3383
3523 3524
2917 2918
4214 4215
2393 2394
913 914
2960 2961
1305 1306
1078 1079
2915 2916
2899 2900
4260 4261
1382 1383
2308 2309
2591 2592
829 830
4038 4039
3224 3225
2561 2562
2221 2222
3635 3636
1710 1711
2239 2240
557 558
2640 2641
1829 1830
1697 1698
1566 1567
2252 2253
3202 3203
3240 3241
2108 2109
4243 4244
1525 1526
2449 2450
1497 1498
2328 2329
1678 1679
242 243
3756 3757
2715 2716
2965 2966
3813 3814
2591 2592
1447 1448
4311 4312
631 632
3278 3279
3894 3895
3064 3065
1001 1002
3937 3938
1201 1202
1098 1099
2292 2293
736 737
2273 2274
2295 2296
1725 1726
2605 2606
2857 2858
175 176
2391 2392
1931 1932
2616 2617
3953 3954
2827 2828
4260 4261
413 414
2223 2224
2602 2603
3737 3738
4307 4308
444 445
2309 2310
4180 4181
1140 1141
1966 1967
932 933
4090 4091
937 938
3100 3101
1452 1453
3358 3359
12 13
740 741
3856 3857
3528 3529
100 101
3741 3742
2309 2310
4214 4215
1242 1243
4225 4226
820 821
169 170
1636 1637
1329 1330
4063 4064
3700 3701
1736 1737
1888 1889
852 853
2402 2403
464 465
1276 1277
492 493
198 199
1499 1500
1317 1318
618 619
3820 3821
1304 1305
1250 1251
2324 2325
933 934
4280 4281
2814 2815
2837 2838
2366 2367
1279 1280
2168 2169
2391 2392
2539 2540
2828 2829
3478 3479
1097 1098
1975 1976
3776 3777
4277 4278
3420 3421
1450 1451
1694 1695
4011 4012
4230 4231
3565 3566
3016 3017
83 84
3113 3114
1730 1731
2480 2481
3865 3866
3001 3002
988 989
2885 2886
2743 2744
2557 2558
1410 1411
1441 1442
320 321
2764 2765
1106 1107
1548 1549
3175 3176
1475 1476
4163 4164
2099 2100
4200 4201
938 939
2850 2851
3098 3099
3860 3861
2088 2089
1506 1507
4047 4048
59 60
3381 3382
1454 1455
516 517
3590 3591
2093 2094
1225 1226
3861 3862
150 151
532 533
1719 1720
709 710
74 75
37 38
625 626
1125 1126
400 401
1947 1948
2122 2123
3874 3875
3538 3539
4215 4216
688 689
3404 3405
26 27
700 701
1749 1750
2362 2363
1584 1585
2855 2856
35 36
272 273
1453 1454
3813 3814
186 187
2118 2119
2825 2826
3964 3965
2174 2175
304 305
2967 2968
3560 3561
4201 4202
3370 3371
2340 2341
1198 1199
2678 2679
1488 1489
2519 2520
2986 2987
1769 1770
3545 3546
3460 3461
2717 2718
1427 1428
2533 2534
2329 2330
2132 2133
2395 2396
1996 1997
4187 4188
491 492
93 94
638 639
765 766
3441 3442
629 630
1189 1190
1430 1431
4150 4151
902 903
2728 2729
949 950
257 258
819 820
2720 2721
7 8
2146 2147
2937 2938
1572 1573
1531 1532
1136 1137
2609 2610
2600 2601
2620 2621
3896 3897
2053 2054
2054 2055
1979 1980
3582 3583
94 95
1432 1433
1169 1170
990 991
290 291
3425 3426
2523 2524
2711 2712
1559 1560
1487 1488
2211 2212
3745 3746
252 253
84 85
648 649
2454 2455
3964 3965
2619 2620
2279 2280
605 606
484 485
1367 1368
115 116
1575 1576
2539 2540
1068 1069
2629 2630
1496 1497
90 91
3817 3818
1999 2000
1003 1004
876 877
2301 2302
1318 1319
2037 2038
411 412
2919 2920
2498 2499
3501 3502
1375 1376
2049 2050
3472 3473
2927 2928
3961 3962
3496 3497
2793 2794
1900 1901
2888 2889
976 977
608 609
821 822
3846 3847
860 861
3195 3196
1232 1233
135 136
2558 2559
425 426
3882 3883
3934 3935
2762 2763
1844 1845
863 864
512 513
4075 4076
2533 2534
937 938
2532 2533
747 748
804 805
3661 3662
974 975
2887 2888
900 901
22 23
1412 1413
896 897
587 588
3570 3571
3635 3636
3594 3595
1187 1188
2547 2548
1306 1307
1997 1998
3529 3530
2706 2707
446 447
1773 1774
425 426
1854 1855
3448 3449
1489 1490
3820 3821
689 690
2029 2030
578 579
1931 1932
2408 2409
3500 3501
102 103
3420 3421
2747 2748
1780 1781
3084 3085
3140 3141
1912 1913
3174 3175
1083 1084
1014 1015
3207 3208
2846 2847
3546 3547
56 57
1697 1698
3524 3525
29 30
3949 3950
3294 3295
1313 1314
3994 3995
669 670
1863 1864
3463 3464
845 846
3578 3579
387 388
2941 2942
3441 3442
2315 2316
2478 2479
130 131
1681 1682
836 837
1971 1972
487 488
2047 2048
1639 1640
279 280
2655 2656
3361 3362
813 814
1876 1877
384 385
3109 3110
984 985
3059 3060
2402 2403
3853 3854
3319 3320
165 166
2415 2416
2204 2205
2953 2954
3397 3398
386 387
2918 2919
2066 2067
3428 3429
2096 2097
1774 1775
2003 2004
2999 3000
3274 3275
2241 2242
3886 3887
719 720
3662 3663
1240 1241
2783 2784
697 698
2029 2030
2849 2850
2153 2154
181 182
3230 3231
3574 3575
2929 2930
744 745
1944 1945
3830 3831
1879 1880
3116 3117
1277 1278
678 679
262 263
3211 3212
1372 1373
3102 3103
3712 3713
3231 3232
3670 3671
2222 2223
1225 1226
1147 1148
558 559
148 149
2024 2025
1605 1606
2698 2699
2553 2554
374 375
1730 1731
2032 2033
3709 3710
1032 1033
926 927
753 754
3317 3318
2437 2438
3369 3370
1019 1020
16 17
2341 2342
1561 1562
2029 2030
1498 1499
3463 3464
3442 3443
2603 2604
3102 3103
2915 2916
3144 3145
895 896
3635 3636
839 840
1439 1440
2302 2303
1516 1517
3340 3341
3793 3794
3884 3885
1590 1591
889 890
1704 1705
1423 1424
3299 3300
3428 3429
976 977
1160 1161
2377 2378
35 36
3458 3459
3265 3266
3589 3590
1701 1702
1527 1528
1501 1502
745 746
3293 3294
2006 2007
2740 2741
2538 2539
357 358
3048 3049
3437 3438
1007 1008
2446 2447
2205 2206
2453 2454
3260 3261
3674 3675
2739 2740
472 473
1861 1862
266 267
1926 1927
1114 1115
2705 2706
154 155
3479 3480
2276 2277
107 108
2153 2154
2749 2750
3796 3797
3693 3694
3532 3533
3203 3204
1383 1384
2445 2446
764 765
1137 1138
2471 2472
2740 2741
3275 3276
1212 1213
2322 2323
378 379
1810 1811
595 596
2987 2988
3063 3064
1929 1930
500 501
2982 2983
1448 1449
2136 2137
2378 2379
2757 2758
1790 1791
595 596
1882 1883
2660 2661
1502 1503
1128 1129
3363 3364
248 249
1438 1439
3782 3783
2654 2655
2843 2844
2689 2690
2688 2689
2277 2278
2466 2467
3607 3608
1298 1299
1994 1995
2636 2637
3730 3731
197 198
2859 2860
323 324
1729 1730
1098 1099
1174 1175
3022 3023
1724 1725
3311 3312
1824 1825
1106 1107
612 613
2692 2693
1180 1181
648 649
1954 1955
1075 1076
1968 1969
2807 2808
1548 1549
2897 2898
3551 3552
926 927
281 282
2230 2231
2413 2414
2049 2050
3544 3545
1047 1048
3395 3396
339 340
378 379
1834 1835
1218 1219
3443 3444
1908 1909
1905 1906
224 225
652 653
1172 1173
364 365
2394 2395
2107 2108
2520 2521
629 630
924 925
3767 3768
557 558
239 240
3204 3205
1429 1430
3538 3539
121 122
3267 3268
1022 1023
216 217
2043 2044
2240 2241
2651 2652
1498 1499
3325 3326
692 693
2022 2023
1165 1166
1870 1871
700 701
1013 1014
3067 3068
2890 2891
561 562
1793 1794
1637 1638
2719 2720
3098 3099
3460 3461
2900 2901
58 59
919 920
1595 1596
2303 2304
655 656
2044 2045
2589 2590
672 673
2402 2403
2592 2593
374 375
149 150
2569 2570
2860 2861
2661 2662
1427 1428
2840 2841
3483 3484
3630 3631
997 998
674 675
2999 3000
1440 1441
3129 3130
2408 2409
2323 2324
166 167
3038 3039
3051 3052
1873 1874
2099 2100
2980 2981
1177 1178
2811 2812
913 914
3119 3120
730 731
2314 2315
1349 1350
1147 1148
2335 2336
3297 3298
1291 1292
3302 3303
1924 1925
3656 3657
3560 3561
2157 2158
3081 3082
3119 3120
1257 1258
1154 1155
2642 2643
1990 1991
660 661
2482 2483
812 813
1044 1045
2518 2519
1198 1199
621 622
3298 3299
1673 1674
672 673
343 344
1063 1064
3538 3539
181 182
2318 2319
1480 1481
1460 1461
1965 1966
526 527
994 995
219 220
315 316
831 832
2706 2707
3407 3408
2209 2210
214 215
1966 1967
1329 1330
2766 2767
3470 3471
2665 2666
491 492
1595 1596
701 702
1759 1760
1138 1139
1758 1759
1561 1562
202 203
193 194
3647 3648
154 155
2522 2523
1933 1934
1777 1778
125 126
979 980
3271 3272
830 831
1125 1126
2645 2646
1855 1856
1717 1718
976 977
2997 2998
2975 2976
1202 1203
3596 3597
102 103
645 646
1386 1387
2150 2151
1444 1445
793 794
200 201
1005 1006
1524 1525
3307 3308
2235 2236
2408 2409
118 119
1103 1104
2550 2551
1096 1097
1720 1721
924 925
3070 3071
2528 2529
835 836
1030 1031
3592 3593
1594 1595
333 334
1590 1591
2878 2879
1734 1735
796 797
653 654
677 678
181 182
1853 1854
370 371
3250 3251
484 485
1246 1247
336 337
2368 2369
1225 1226
1238 1239
709 710
1646 1647
1149 1150
1756 1757
1543 1544
1724 1725
222 223
926 927
625 626
3252 3253
1817 1818
2536 2537
1228 1229
1377 1378
2005 2006
3263 3264
2200 2201
3080 3081
3275 3276
1664 1665
3277 3278
313 314
2644 2645
670 671
1904 1905
1906 1907
2389 2390
1055 1056
2109 2110
1933 1934
3508 3509
2864 2865
1024 1025
1396 1397
1484 1485
1243 1244
3405 3406
3142 3143
2924 2925
1675 1676
2529 2530
2885 2886
1725 1726
1931 1932
836 837
1424 1425
918 919
3 4
782 783
677 678
1275 1276
1271 1272
2816 2817
2062 2063
1650 1651
821 822
1829 1830
442 443
1841 1842
3290 3291
1355 1356
3045 3046
546 547
2828 2829
3445 3446
2088 2089
2900 2901
2665 2666
677 678
2237 2238
273 274
3384 3385
1994 1995
1022 1023
1840 1841
1813 1814
48 49
1652 1653
3436 3437
1465 1466
2865 2866
1233 1234
2366 2367
991 992
2668 2669
2669 2670
528 529
1006 1007
2976 2977
1233 1234
2471 2472
929 930
783 784
3226 3227
1544 1545
796 797
2617 2618
3030 3031
1460 1461
658 659
539 540
1685 1686
3189 3190
207 208
2655 2656
3326 3327
471 472
2528 2529
1997 1998
3449 3450
1943 1944
1754 1755
1 2
14 15
889 890
1811 1812
3426 3427
1802 1803
1879 1880
2524 2525
2492 2493
651 652
2061 2062
1713 1714
1288 1289
2930 2931
512 513
2458 2459
1752 1753
2856 2857
2964 2965
382 383
1055 1056
1222 1223
706 707
2081 2082
1259 1260
3458 3459
651 652
1322 1323
1672 1673
1960 1961
623 624
883 884
2681 2682
1875 1876
2134 2135
2104 2105
3252 3253
689 690
1841 1842
1994 1995
2425 2426
3044 3045
2560 2561
183 184
1990 1991
2453 2454
421 422
3103 3104
3201 3202
367 368
2293 2294
2486 2487
299 300
1246 1247
3256 3257
1880 1881
2013 2014
3154 3155
682 683
3212 3213
2474 2475
2617 2618
1420 1421
1943 1944
3293 3294
1118 1119
784 785
3412 3413
569 570
1566 1567
2172 2173
2728 2729
2872 2873
1889 1890
2622 2623
2831 2832
35 36
3142 3143
2536 2537
685 686
227 228
2591 2592
1579 1580
1379 1380
2463 2464
980 981
2491 2492
368 369
582 583
2465 2466
317 318
263 264
1866 1867
1120 1121
883 884
2692 2693
2022 2023
821 822
410 411
3310 3311
755 756
1657 1658
2276 2277
714 715
3108 3109
1461 1462
2938 2939
2997 2998
229 230
912 913
1694 1695
3367 3368
2549 2550
136 137
1763 1764
1030 1031
2176 2177
883 884
635 636
602 603
754 755
736 737
2352 2353
2355 2356
2396 2397
1964 1965
2530 2531
856 857
1084 1085
541 542
2396 2397
3100 3101
84 85
2295 2296
3270 3271
156 157
865 866
173 174
843 844
868 869
775 776
543 544
2708 2709
1959 1960
2067 2068
1260 1261
2479 2480
1745 1746
1079 1080
2905 2906
2887 2888
2695 2696
1431 1432
2191 2192
2609 2610
1337 1338
2505 2506
657 658
946 947
2835 2836
515 516
2512 2513
2931 2932
1240 1241
872 873
873 874
628 629
1856 1857
2930 2931
1766 1767
3321 3322
138 139
324 325
1365 1366
724 725
3060 3061
3160 3161
2873 2874
2018 2019
1416 1417
1202 1203
1129 1130
1687 1688
180 181
2306 2307
1710 1711
276 277
2633 2634
2039 2040
3228 3229
2198 2199
1691 1692
21 22
186 187
2180 2181
3076 3077
2237 2238
2155 2156
2213 2214
2496 2497
1744 1745
213 214
410 411
2972 2973
2708 2709
977 978
1894 1895
1667 1668
1237 1238
2609 2610
1997 1998
605 606
273 274
1690 1691
1745 1746
2433 2434
1897 1898
1624 1625
1040 1041
1997 1998
296 297
1457 1458
1708 1709
237 238
2888 2889
3200 3201
3219 3220
1993 1994
683 684
2416 2417
113 114
166 167
480 481
2453 2454
1372 1373
2832 2833
2807 2808
2548 2549
328 329
2671 2672
1165 1166
1602 1603
2331 2332
1645 1646
2884 2885
1242 1243
1417 1418
1855 1856
2586 2587
1467 1468
1101 1102
1615 1616
2915 2916
2728 2729
1829 1830
1556 1557
114 115
1332 1333
153 154
522 523
1779 1780
3150 3151
976 977
1634 1635
3228 3229
1034 1035
2754 2755
3196 3197
1128 1129
1048 1049
656 657
983 984
1420 1421
644 645
264 265
1299 1300
1461 1462
2920 2921
2488 2489
729 730
1762 1763
2678 2679
141 142
2444 2445
2462 2463
3045 3046
1703 1704
3085 3086
284 285
547 548
2271 2272
1598 1599
1446 1447
1240 1241
719 720
2811 2812
838 839
3020 3021
643 644
1317 1318
517 518
1218 1219
2357 2358
1886 1887
187 188
71 72
2050 2051
418 419
1247 1248
2007 2008
480 481
1287 1288
2424 2425
214 215
1663 1664
116 117
42 43
298 299
236 237
347 348
445 446
2863 2864
1609 1610
554 555
2087 2088
2266 2267
537 538
2339 2340
2385 2386
3048 3049
144 145
1969 1970
2348 2349
1593 1594
794 795
1647 1648
2103 2104
2053 2054
804 805
2040 2041
2089 2090
1221 1222
1279 1280
3003 3004
908 909
1715 1716
1400 1401
263 264
667 668
88 89
2973 2974
2843 2844
1668 1669
106 107
691 692
1414 1415
181 182
708 709
529 530
3096 3097
823 824
2452 2453
136 137
1996 1997
1048 1049
3045 3046
853 854
1526 1527
3090 3091
1150 1151
1634 1635
2281 2282
2599 2600
1295 1296
1202 1203
1767 1768
254 255
751 752
3079 3080
2285 2286
1696 1697
2340 2341
60 61
1901 1902
1082 1083
21 22
2672 2673
102 103
724 725
2107 2108
2624 2625
1061 1062
1043 1044
924 925
1435 1436
951 952
1778 1779
1354 1355
772 773
627 628
2650 2651
669 670
243 244
2337 2338
557 558
690 691
3024 3025
2836 2837
2609 2610
627 628
2821 2822
1312 1313
2401 2402
1528 1529
2484 2485
695 696
760 761
337 338
1785 1786
1419 1420
3001 3002
2070 2071
497 498
2388 2389
2155 2156
2099 2100
876 877
2916 2917
2576 2577
2064 2065
2668 2669
2539 2540
1869 1870
550 551
3024 3025
164 165
2405 2406
2392 2393
1565 1566
2658 2659
1535 1536
173 174
2371 2372
1059 1060
2740 2741
865 866
403 404
1430 1431
1225 1226
2518 2519
171 172
2552 2553
1365 1366
2128 2129
3026 3027
1358 1359
1380 1381
11 12
2886 2887
1 2
227 228
2325 2326
1441 1442
1248 1249
2320 2321
900 901
250 251
511 512
321 322
18 19
211 212
819 820
197 198
813 814
1127 1128
1287 1288
556 557
1915 1916
1823 1824
2835 2836
1951 1952
2316 2317
1842 1843
2473 2474
2413 2414
1612 1613
2768 2769
2059 2060
1877 1878
2092 2093
2652 2653
1794 1795
2779 2780
2831 2832
2389 2390
183 184
1574 1575
647 648
1237 1238
699 700
2215 2216
232 233
2544 2545
679 680
2080 2081
2848 2849
390 391
2072 2073
761 762
1977 1978
906 907
1890 1891
2837 2838
2933 2934
1549 1550
1465 1466
1366 1367
1823 1824
402 403
2080 2081
1650 1651
251 252
2908 2909
1488 1489
646 647
2691 2692
61 62
2950 2951
2810 2811
2815 2816
1452 1453
235 236
2050 2051
1324 1325
1980 1981
53 54
2726 2727
424 425
2654 2655
1788 1789
2364 2365
1247 1248
2502 2503
1462 1463
2555 2556
859 860
51 52
1754 1755
1234 1235
2198 2199
799 800
2764 2765
2478 2479
1143 1144
18 19
2220 2221
2821 2822
1674 1675
2268 2269
336 337
2505 2506
2128 2129
2385 2386
1891 1892
1940 1941
2598 2599
8 9
2324 2325
913 914
1055 1056
118 119
2297 2298
1306 1307
599 600
1073 1074
186 187
853 854
2652 2653
297 298
360 361
1386 1387
1647 1648
1149 1150
968 969
2757 2758
1181 1182
2774 2775
1023 1024
1756 1757
2618 2619
142 143
1910 1911
66 67
500 501
2755 2756
2334 2335
1863 1864
2815 2816
132 133
2630 2631
317 318
2533 2534
2717 2718
1729 1730
1816 1817
1610 1611
975 976
931 932
261 262
2045 2046
2780 2781
1960 1961
2579 2580
1163 1164
479 480
509 510
852 853
2072 2073
2467 2468
1205 1206
2846 2847
737 738
1658 1659
1023 1024
579 580
1091 1092
1801 1802
2680 2681
2327 2328
2415 2416
1910 1911
494 495
1406 1407
1501 1502
2685 2686
177 178
729 730
898 899
341 342
2047 2048
146 147
2550 2551
2183 2184
1313 1314
220 221
1904 1905
423 424
2826 2827
1832 1833
2327 2328
73 74
2138 2139
2128 2129
2366 2367
228 229
2617 2618
578 579
2620 2621
93 94
1269 1270
794 795
2493 2494
2139 2140
1434 1435
1098 1099
1854 1855
596 597
2634 2635
1575 1576
1797 1798
2808 2809
2440 2441
1688 1689
2287 2288
1365 1366
1444 1445
1053 1054
1631 1632
956 957
1223 1224
3 4
815 816
1742 1743
1926 1927
904 905
728 729
323 324
1374 1375
661 662
2781 2782
1571 1572
2037 2038
1878 1879
2036 2037
134 135
2469 2470
2060 2061
113 114
632 633
785 786
2316 2317
1845 1846
1338 1339
2083 2084
1594 1595
2274 2275
1585 1586
1033 1034
1019 1020
899 900
1947 1948
470 471
1322 1323
284 285
1807 1808
2367 2368
1250 1251
1986 1987
395 396
1864 1865
1807 1808
1334 1335
87 88
2766 2767
559 560
1655 1656
2046 2047
222 223
679 680
1949 1950
2588 2589
1963 1964
1980 1981
1019 1020
98 99
2374 2375
1384 1385
2105 2106
1143 1144
1725 1726
1768 1769
2339 2340
1816 1817
1425 1426
21 22
1447 1448
1786 1787
1454 1455
1731 1732
1334 1335
1294 1295
1827 1828
2425 2426
2377 2378
1374 1375
21 22
1699 1700
2346 2347
1282 1283
824 825
1499 1500
1111 1112
1447 1448
1025 1026
316 317
1029 1030
2613 2614
791 792
446 447
1076 1077
1988 1989
1132 1133
427 428
527 528
2 3
99 100
1237 1238
1481 1482
2270 2271
2141 2142
1485 1486
315 316
50 51
765 766
2364 2365
864 865
2543 2544
2430 2431
2642 2643
2138 2139
1105 1106
2313 2314
2418 2419
1639 1640
1302 1303
1310 1311
2188 2189
893 894
509 510
2147 2148
627 628
1148 1149
2047 2048
1588 1589
300 301
404 405
2342 2343
1392 1393
2064 2065
1993 1994
2374 2375
1862 1863
848 849
1483 1484
1719 1720
2208 2209
1514 1515
2452 2453
1750 1751
176 177
1712 1713
391 392
1067 1068
679 680
1295 1296
1080 1081
18 19
1837 1838
841 842
110 111
1477 1478
2348 2349
57 58
2532 2533
33 34
1460 1461
2280 2281
792 793
1710 1711
905 906
1146 1147
1126 1127
1547 1548
396 397
221 222
481 482
2330 2331
631 632
1626 1627
455 456
509 510
1901 1902
439 440
1453 1454
552 553
1885 1886
506 507
1011 1012
2504 2505
1528 1529
10 11
2331 2332
32 33
1799 1800
1402 1403
2452 2453
259 260
2517 2518
273 274
113 114
394 395
2254 2255
540 541
2079 2080
1521 1522
2560 2561
438 439
1413 1414
458 459
579 580
2107 2108
1087 1088
1468 1469
1199 1200
1987 1988
1396 1397
2229 2230
698 699
1365 1366
2500 2501
1029 1030
2335 2336
522 523
2019 2020
351 352
64 65
1943 1944
181 182
1557 1558
1816 1817
1427 1428
1608 1609
709 710
974 975
2424 2425
573 574
2157 2158
1320 1321
1969 1970
2528 2529
970 971
1563 1564
1806 1807
1971 1972
2034 2035
152 153
1050 1051
1408 1409
1504 1505
1974 1975
1523 1524
1881 1882
1769 1770
279 280
2496 2497
1317 1318
2349 2350
436 437
355 356
5 6
1917 1918
1332 1333
907 908
2455 2456
1199 1200
1639 1640
1497 1498
230 231
1410 1411
1824 1825
1316 1317
2260 2261
1113 1114
1474 1475
2255 2256
1575 1576
938 939
750 751
25 26
938 939
1575 1576
2073 2074
669 670
811 812
1395 1396
1097 1098
1108 1109
1228 1229
547 548
1674 1675
102 103
1556 1557
1902 1903
1518 1519
78 79
1277 1278
300 301
126 127
2236 2237
509 510
2206 2207
348 349
605 606
127 128
1469 1470
2218 2219
633 634
554 555
1045 1046
900 901
2498 2499
2171 2172
316 317
1196 1197
1824 1825
374 375
886 887
2334 2335
1127 1128
620 621
1148 1149
1634 1635
1365 1366
1226 1227
2467 2468
767 768
1709 1710
1164 1165
73 74
1862 1863
2388 2389
348 349
1915 1916
2304 2305
2407 2408
2423 2424
421 422
1610 1611
1188 1189
858 859
1927 1928
1333 1334
408 409
1136 1137
1308 1309
372 373
1303 1304
1797 1798
315 316
2039 2040
473 474
1468 1469
316 317
1285 1286
1088 1089
1637 1638
1145 1146
310 311
564 565
93 94
445 446
452 453
1487 1488
1833 1834
2378 2379
2446 2447
786 787
553 554
1507 1508
1433 1434
1017 1018
2281 2282
1969 1970
579 580
2448 2449
1173 1174
938 939
978 979
2252 2253
13 14
1630 1631
1514 1515
1687 1688
1093 1094
2301 2302
65 66
2388 2389
2387 2388
1099 1100
1200 1201
1413 1414
273 274
473 474
338 339
2364 2365
1771 1772
641 642
256 257
2148 2149
1850 1851
344 345
991 992
1174 1175
470 471
1273 1274
2273 2274
844 845
156 157
1126 1127
138 139
547 548
565 566
1500 1501
640 641
2008 2009
2083 2084
1704 1705
780 781
1785 1786
1576 1577
1752 1753
1195 1196
1265 1266
854 855
1921 1922
1063 1064
846 847
1766 1767
1045 1046
618 619
658 659
938 939
1288 1289
2256 2257
806 807
1483 1484
281 282
338 339
630 631
902 903
520 521
172 173
2337 2338
1268 1269
123 124
1314 1315
2057 2058
1885 1886
2273 2274
724 725
508 509
1856 1857
92 93
1326 1327
1047 1048
2366 2367
1890 1891
797 798
801 802
499 500
1689 1690
225 226
2086 2087
136 137
1940 1941
592 593
320 321
88 89
895 896
735 736
1048 1049
1793 1794
325 326
1494 1495
851 852
572 573
223 224
1135 1136
231 232
769 770
1278 1279
1957 1958
2003 2004
777 778
676 677
1853 1854
2300 2301
1285 1286
635 636
2164 2165
1760 1761
568 569
957 958
910 911
1950 1951
1117 1118
4 5
383 384
1548 1549
1339 1340
1963 1964
2298 2299
1494 1495
929 930
1306 1307
2245 2246
783 784
2110 2111
220 221
2122 2123
871 872
1952 1953
932 933
1804 1805
567 568
33 34
1854 1855
1882 1883
2299 2300
186 187
536 537
177 178
2171 2172
1123 1124
215 216
1796 1797
427 428
1549 1550
651 652
2280 2281
72 73
217 218
1901 1902
1532 1533
204 205
2201 2202
988 989
759 760
1668 1669
1871 1872
799 800
4 5
1690 1691
753 754
1174 1175
1606 1607
1092 1093
2078 2079
909 910
202 203
1785 1786
770 771
1684 1685
1611 1612
872 873
1735 1736
1512 1513
904 905
532 533
1269 1270
307 308
1529 1530
1579 1580
1329 1330
268 269
1911 1912
861 862
1912 1913
1171 1172
36 37
1791 1792
2212 2213
1940 1941
79 80
1854 1855
306 307
1535 1536
514 515
961 962
157 158
1610 1611
1326 1327
1311 1312
653 654
408 409
2103 2104
289 290
1452 1453
557 558
1253 1254
458 459
1400 1401
632 633
225 226
939 940
147 148
1710 1711
1482 1483
1041 1042
64 65
767 768
1088 1089
659 660
1628 1629
637 638
1315 1316
1605 1606
378 379
336 337
1457 1458
2001 2002
2170 2171
1365 1366
174 175
728 729
1838 1839
211 212
902 903
2105 2106
1766 1767
819 820
1208 1209
135 136
1380 1381
782 783
737 738
436 437
1229 1230
125 126
1231 1232
1860 1861
549 550
1719 1720
1817 1818
1615 1616
532 533
985 986
250 251
2096 2097
2143 2144
216 217
421 422
875 876
1411 1412
769 770
955 956
1732 1733
349 350
1420 1421
568 569
1382 1383
1045 1046
1213 1214
955 956
12 13
1570 1571
774 775
544 545
1862 1863
1846 1847
123 124
1576 1577
843 844
850 851
2021 2022
655 656
783 784
1067 1068
237 238
747 748
1762 1763
1706 1707
875 876
302 303
514 515
609 610
148 149
1759 1760
263 264
459 460
1196 1197
437 438
1867 1868
1596 1597
1617 1618
952 953
1810 1811
1492 1493
1169 1170
22 23
418 419
728 729
1004 1005
877 878
871 872
265 266
1426 1427
870 871
1356 1357
1596 1597
2033 2034
23 24
2023 2024
1182 1183
1019 1020
1621 1622
1825 1826
1467 1468
648 649
1989 1990
565 566
363 364
1145 1146
424 425
509 510
782 783
1818 1819
804 805
34 35
1111 1112
1326 1327
460 461
1349 1350
1805 1806
604 605
851 852
270 271
1139 1140
1883 1884
791 792
719 720
640 641
650 651
1880 1881
409 410
692 693
725 726
917 918
111 112
1218 1219
1418 1419
1434 1435
454 455
1792 1793
1994 1995
844 845
355 356
1089 1090
393 394
1582 1583
380 381
451 452
1863 1864
1213 1214
1247 1248
1032 1033
602 603
604 605
64 65
1740 1741
1555 1556
1982 1983
1933 1934
1039 1040
169 170
1416 1417
1668 1669
1714 1715
468 469
1755 1756
1357 1358
748 749
1940 1941
1896 1897
44 45
1086 1087
888 889
1319 1320
1842 1843
197 198
1136 1137
1024 1025
1023 1024
322 323
1211 1212
1621 1622
1465 1466
1656 1657
999 1000
175 176
96 97
1832 1833
1274 1275
1490 1491
577 578
1376 1377
1356 1357
578 579
597 598
814 815
1889 1890
56 57
979 980
748 749
166 167
1020 1021
463 464
974 975
1899 1900
2015 2016
27 28
1680 1681
1033 1034
1208 1209
1862 1863
748 749
1162 1163
184 185
1214 1215
1001 1002
298 299
1994 1995
287 288
1726 1727
1888 1889
464 465
1247 1248
1475 1476
1492 1493
895 896
1147 1148
1170 1171
1171 1172
1774 1775
1892 1893
885 886
1834 1835
1353 1354
796 797
1695 1696
621 622
1727 1728
911 912
87 88
1670 1671
528 529
1047 1048
958 959
374 375
331 332
214 215
407 408
875 876
529 530
809 810
1186 1187
393 394
1880 1881
1648 1649
1077 1078
1320 1321
1620 1621
981 982
521 522
353 354
1681 1682
868 869
59 60
429 430
698 699
593 594
235 236
651 652
1753 1754
1533 1534
1033 1034
995 996
1127 1128
1940 1941
167 168
480 481
694 695
1173 1174
54 55
277 278
336 337
586 587
487 488
750 751
1233 1234
1376 1377
754 755
1380 1381
1861 1862
92 93
1484 1485
1408 1409
556 557
1504 1505
90 91
1836 1837
1859 1860
609 610
1705 1706
415 416
1252 1253
1857 1858
1281 1282
1243 1244
1412 1413
286 287
409 410
1850 1851
972 973
489 490
367 368
144 145
956 957
1382 1383
1067 1068
900 901
1518 1519
117 118
449 450
1414 1415
1446 1447
1632 1633
42 43
1625 1626
301 302
492 493
463 464
416 417
396 397
1285 1286
1753 1754
1175 1176
228 229
1295 1296
1606 1607
1554 1555
678 679
508 509
1878 1879
824 825
1874 1875
1713 1714
574 575
1155 1156
966 967
1703 1704
915 916
796 797
1052 1053
1489 1490
1824 1825
1275 1276
1 2
793 794
443 444
1304 1305
1781 1782
1326 1327
1652 1653
1167 1168
769 770
218 219
1562 1563
615 616
1855 1856
914 915
1291 1292
165 166
1800 1801
613 614
1005 1006
1251 1252
646 647
1812 1813
1324 1325
797 798
1733 1734
597 598
1606 1607
703 704
1476 1477
1831 1832
1595 1596
300 301
1029 1030
1326 1327
723 724
1178 1179
992 993
1357 1358
1401 1402
1749 1750
1468 1469
893 894
111 112
1680 1681
1239 1240
152 153
524 525
923 924
1190 1191
1167 1168
823 824
1287 1288
1311 1312
1060 1061
871 872
250 251
288 289
1081 1082
522 523
1702 1703
1240 1241
802 803
1232 1233
490 491
1032 1033
1799 1800
351 352
375 376
1244 1245
1021 1022
1444 1445
1409 1410
1569 1570
1005 1006
1578 1579
1763 1764
917 918
878 879
789 790
166 167
1626 1627
960 961
204 205
404 405
646 647
1292 1293
1611 1612
1186 1187
575 576
180 181
1146 1147
589 590
8 9
780 781
655 656
1125 1126
1337 1338
1096 1097
1381 1382
1370 1371
545 546
68 69
1302 1303
430 431
37 38
1319 1320
861 862
1293 1294
748 749
869 870
743 744
1477 1478
1286 1287
1141 1142
1185 1186
461 462
1052 1053
1066 1067
1218 1219
603 604
1332 1333
796 797
1488 1489
857 858
1458 1459
1157 1158
861 862
114 115
54 55
1078 1079
1166 1167
187 188
658 659
1591 1592
828 829
414 415
800 801
1610 1611
1693 1694
1298 1299
785 786
191 192
332 333
1078 1079
635 636
906 907
1058 1059
1042 1043
797 798
1362 1363
1375 1376
343 344
804 805
1699 1700
1119 1120
1392 1393
953 954
200 201
1632 1633
589 590
198 199
1532 1533
101 102
729 730
1636 1637
1535 1536
205 206
1335 1336
916 917
225 226
1402 1403
7 8
375 376
1016 1017
1072 1073
1075 1076
25 26
1114 1115
1248 1249
1016 1017
1617 1618
1001 1002
719 720
1544 1545
1316 1317
238 239
331 332
1379 1380
1025 1026
850 851
1145 1146
501 502
869 870
258 259
1274 1275
269 270
41 42
373 374
651 652
1025 1026
26 27
1451 1452
958 959
640 641
1316 1317
241 242
1383 1384
1408 1409
1362 1363
85 86
407 408
697 698
331 332
594 595
1394 1395
498 499
1152 1153
1619 1620
1040 1041
1267 1268
308 309
587 588
1607 1608
555 556
475 476
1017 1018
291 292
941 942
261 262
67 68
820 821
134 135
1294 1295
1464 1465
1424 1425
1218 1219
463 464
48 49
760 761
1202 1203
936 937
180 181
1456 1457
1307 1308
1448 1449
1095 1096
211 212
1280 1281
1261 1262
955 956
614 615
1357 1358
1342 1343
163 164
1010 1011
162 163
1556 1557
632 633
244 245
818 819
865 866
872 873
244 245
1127 1128
1061 1062
594 595
179 180
1192 1193
113 114
573 574
1472 1473
386 387
919 920
1032 1033
320 321
814 815
1162 1163
864 865
796 797
186 187
1440 1441
1442 1443
597 598
1477 1478
759 760
3 4
420 421
1313 1314
1306 1307
264 265
68 69
481 482
233 234
565 566
535 536
1070 1071
1010 1011
510 511
1144 1145
1348 1349
664 665
200 201
1565 1566
656 657
1003 1004
1147 1148
284 285
586 587
1036 1037
955 956
388 389
1172 1173
1234 1235
24 25
333 334
1263 1264
502 503
899 900
625 626
1283 1284
294 295
845 846
968 969
1087 1088
813 814
647 648
761 762
1434 1435
522 523
1283 1284
1170 1171
318 319
1405 1406
158 159
692 693
180 181
1276 1277
623 624
1506 1507
615 616
1077 1078
387 388
454 455
344 345
1004 1005
84 85
1206 1207
1127 1128
928 929
640 641
1062 1063
1295 1296
1148 1149
608 609
1442 1443
12 13
722 723
312 313
1483 1484
1234 1235
704 705
1186 1187
835 836
288 289
998 999
225 226
984 985
177 178
1492 1493
1183 1184
1373 1374
1286 1287
347 348
1242 1243
889 890
1208 1209
1260 1261
934 935
1412 1413
107 108
254 255
944 945
1256 1257
682 683
452 453
1376 1377
206 207
926 927
877 878
978 979
1033 1034
1201 1202
741 742
1405 1406
751 752
1367 1368
1454 1455
793 794
1403 1404
571 572
72 73
713 714
1138 1139
583 584
554 555
1066 1067
150 151
1273 1274
695 696
13 14
685 686
816 817
599 600
1177 1178
80 81
1118 1119
639 640
164 165
1227 1228
1400 1401
722 723
781 782
615 616
827 828
101 102
1116 1117
872 873
895 896
1391 1392
679 680
1090 1091
353 354
556 557
1121 1122
1326 1327
301 302
845 846
975 976
814 815
349 350
309 310
312 313
1352 1353
1251 1252
1398 1399
175 176
792 793
186 187
243 244
981 982
756 757
546 547
481 482
496 497
979 980
1295 1296
702 703
420 421
965 966
1267 1268
387 388
720 721
38 39
1072 1073
165 166
1027 1028
60 61
1337 1338
455 456
712 713
93 94
789 790
841 842
1034 1035
1128 1129
1066 1067
599 600
675 676
117 118
568 569
228 229
23 24
1130 1131
1262 1263
1039 1040
1025 1026
873 874
398 399
356 357
432 433
716 717
209 210
1160 1161
174 175
914 915
641 642
88 89
970 971
1366 1367
557 558
1089 1090
623 624
1080 1081
239 240
1135 1136
457 458
847 848
1311 1312
328 329
356 357
871 872
334 335
296 297
123 124
511 512
579 580
1202 1203
972 973
908 909
807 808
313 314
22 23
533 534
594 595
1083 1084
1304 1305
249 250
663 664
79 80
923 924
764 765
1204 1205
923 924
1117 1118
488 489
416 417
1273 1274
908 909
829 830
457 458
279 280
1325 1326
762 763
545 546
634 635
925 926
554 555
1305 1306
142 143
291 292
1148 1149
391 392
782 783
234 235
502 503
125 126
136 137
162 163
476 477
923 924
868 869
33 34
1042 1043
654 655
912 913
1216 1217
29 30
1177 1178
356 357
873 874
657 658
145 146
565 566
104 105
745 746
660 661
164 165
523 524
454 455
94 95
743 744
434 435
368 369
282 283
171 172
1189 1190
1194 1195
1029 1030
725 726
192 193
182 183
122 123
1091 1092
161 162
96 97
265 266
51 52
109 110
1088 1089
851 852
1169 1170
247 248
719 720
404 405
512 513
600 601
109 110
259 260
19 20
188 189
406 407
679 680
124 125
127 128
382 383
1017 1018
87 88
1144 1145
245 246
63 64
968 969
175 176
993 994
209 210
113 114
1070 1071
64 65
161 162
501 502
1075 1076
366 367
383 384
636 637
838 839
786 787
927 928
715 716
1103 1104
235 236
1110 1111
830 831
258 259
759 760
977 978
464 465
507 508
258 259
336 337
235 236
808 809
608 609
72 73
809 810
954 955
1016 1017
1056 1057
225 226
543 544
728 729
1164 1165
511 512
1082 1083
667 668
1109 1110
598 599
1056 1057
264 265
687 688
1155 1156
340 341
249 250
673 674
907 908
926 927
8 9
1008 1009
195 196
148 149
778 779
437 438
802 803
90 91
1143 1144
97 98
954 955
528 529
223 224
245 246
424 425
881 882
184 185
500 501
137 138
1100 1101
1092 1093
880 881
586 587
423 424
417 418
241 242
595 596
296 297
208 209
74 75
7 8
355 356
354 355
1106 1107
777 778
124 125
917 918
541 542
72 73
1023 1024
771 772
1116 1117
565 566
803 804
413 414
580 581
388 389
524 525
462 463
694 695
930 931
179 180
1078 1079
141 142
608 609
759 760
961 962
1033 1034
159 160
348 349
492 493
560 561
328 329
170 171
958 959
330 331
551 552
1085 1086
533 534
891 892
70 71
747 748
127 128
873 874
980 981
762 763
428 429
318 319
808 809
726 727
244 245
85 86
12 13
401 402
754 755
979 980
218 219
488 489
264 265
729 730
1074 1075
424 425
649 650
519 520
107 108
34 35
354 355
660 661
802 803
917 918
692 693
350 351
571 572
459 460
488 489
515 516
508 509
379 380
788 789
291 292
676 677
811 812
806 807
690 691
477 478
319 320
434 435
281 282
125 126
765 766
372 373
877 878
337 338
189 190
4 5
178 179
610 611
661 662
917 918
266 267
1042 1043
1052 1053
909 910
888 889
283 284
103 104
519 520
652 653
174 175
771 772
275 276
224 225
582 583
531 532
653 654
466 467
937 938
651 652
974 975
594 595
820 821
959 960
311 312
426 427
49 50
151 152
346 347
859 860
357 358
368 369
501 502
172 173
357 358
588 589
401 402
537 538
826 827
889 890
174 175
783 784
815 816
597 598
824 825
766 767
217 218
152 153
59 60
996 997
809 810
217 218
367 368
512 513
493 494
447 448
389 390
848 849
807 808
442 443
603 604
201 202
57 58
425 426
833 834
145 146
446 447
545 546
712 713
842 843
827 828
56 57
503 504
580 581
822 823
641 642
621 622
620 621
11 12
880 881
555 556
53 54
926 927
586 587
857 858
665 666
456 457
194 195
276 277
99 100
551 552
698 699
713 714
578 579
959 960
964 965
234 235
923 924
36 37
883 884
25 26
882 883
397 398
595 596
373 374
795 796
902 903
403 404
202 203
222 223
461 462
60 61
35 36
727 728
788 789
606 607
910 911
440 441
737 738
280 281
508 509
150 151
59 60
505 506
417 418
516 517
332 333
637 638
385 386
705 706
685 686
602 603
45 46
727 728
317 318
83 84
827 828
399 400
419 420
73 74
529 530
907 908
75 76
277 278
341 342
674 675
415 416
795 796
130 131
836 837
473 474
134 135
646 647
895 896
517 518
256 257
56 57
110 111
690 691
717 718
851 852
844 845
683 684
40 41
495 496
446 447
884 885
823 824
82 83
364 365
835 836
198 199
245 246
211 212
467 468
267 268
447 448
385 386
418 419
13 14
35 36
354 355
178 179
162 163
33 34
759 760
525 526
16 17
65 66
348 349
300 301
156 157
643 644
49 50
592 593
218 219
127 128
264 265
434 435
178 179
411 412
91 92
431 432
461 462
718 719
761 762
325 326
442 443
591 592
334 335
442 443
563 564
523 524
687 688
693 694
363 364
21 22
808 809
93 94
271 272
685 686
773 774
776 777
753 754
254 255
777 778
63 64
333 334
285 286
128 129
76 77
90 91
725 726
192 193
576 577
548 549
586 587
554 555
330 331
123 124
627 628
114 115
362 363
668 669
418 419
524 525
672 673
446 447
560 561
423 424
758 759
540 541
555 556
290 291
332 333
687 688
624 625
344 345
593 594
209 210
674 675
786 787
310 311
172 173
698 699
456 457
788 789
37 38
650 651
230 231
243 244
361 362
512 513
373 374
643 644
26 27
484 485
770 771
6 7
655 656
64 65
131 132
331 332
290 291
470 471
109 110
521 522
67 68
757 758
241 242
644 645
137 138
60 61
590 591
539 540
122 123
24 25
116 117
52 53
523 524
318 319
80 81
271 272
286 287
346 347
623 624
720 721
12 13
510 511
263 264
13 14
349 350
339 340
307 308
672 673
559 560
534 535
195 196
642 643
282 283
293 294
234 235
211 212
213 214
205 206
282 283
472 473
421 422
502 503
271 272
576 577
693 694
461 462
511 512
567 568
305 306
94 95
488 489
220 221
507 508
242 243
680 681
165 166
621 622
114 115
557 558
714 715
485 486
704 705
125 126
359 360
243 244
249 250
517 518
652 653
575 576
617 618
211 212
19 20
509 510
204 205
19 20
220 221
290 291
471 472
589 590
88 89
385 386
38 39
68 69
62 63
169 170
52 53
612 613
522 523
323 324
537 538
438 439
223 224
27 28
465 466
311 312
18 19
629 630
174 175
202 203
229 230
322 323
488 489
669 670
195 196
673 674
595 596
461 462
66 67
526 527
417 418
522 523
289 290
462 463
117 118
501 502
663 664
238 239
521 522
439 440
164 165
240 241
541 542
606 607
600 601
170 171
160 161
418 419
323 324
92 93
156 157
57 58
92 93
306 307
80 81
553 554
336 337
395 396
40 41
11 12
332 333
627 628
581 582
378 379
615 616
154 155
427 428
496 497
558 559
566 567
127 128
167 168
163 164
335 336
19 20
123 124
35 36
89 90
429 430
187 188
381 382
53 54
100 101
449 450
184 185
164 165
311 312
299 300
384 385
111 112
353 354
464 465
313 314
162 163
381 382
26 27
368 369
14 15
110 111
181 182
37 38
425 426
94 95
371 372
408 409
383 384
14 15
67 68
288 289
233 234
299 300
118 119
372 373
475 476
61 62
19 20
579 580
430 431
330 331
488 489
408 409
125 126
60 61
39 40
465 466
209 210
548 549
223 224
100 101
108 109
441 442
348 349
33 34
512 513
208 209
483 484
366 367
313 314
100 101
315 316
92 93
507 508
493 494
145 146
103 104
303 304
362 363
246 247
2 3
523 524
168 169
120 121
238 239
510 511
452 453
52 53
408 409
71 72
233 234
123 124
113 114
132 133
3 4
185 186
457 458
201 202
520 521
301 302
13 14
397 398
516 517
451 452
251 252
336 337
59 60
89 90
163 164
353 354
242 243
19 20
331 332
164 165
322 323
243 244
249 250
237 238
114 115
19 20
55 56
399 400
321 322
342 343
144 145
261 262
497 498
85 86
355 356
189 190
212 213
447 448
26 27
1 2
52 53
203 204
77 78
274 275
31 32
473 474
34 35
467 468
222 223
338 339
446 447
103 104
457 458
415 416
13 14
261 262
398 399
49 50
347 348
399 400
74 75
262 263
63 64
356 357
371 372
171 172
307 308
182 183
292 293
163 164
299 300
332 333
137 138
305 306
171 172
339 340
279 280
361 362
212 213
72 73
367 368
401 402
368 369
405 406
313 314
4 5
307 308
66 67
366 367
194 195
114 115
295 296
391 392
360 361
269 270
159 160
5 6
19 20
230 231
54 55
249 250
139 140
249 250
74 75
130 131
325 326
56 57
221 222
330 331
84 85
53 54
133 134
53 54
125 126
50 51
73 74
69 70
302 303
68 69
414 415
338 339
156 157
235 236
72 73
113 114
409 410
155 156
104 105
39 40
398 399
348 349
404 405
270 271
315 316
57 58
289 290
290 291
216 217
113 114
266 267
343 344
58 59
395 396
224 225
390 391
89 90
3 4
173 174
209 210
386 387
228 229
196 197
244 245
79 80
372 373
331 332
264 265
182 183
197 198
368 369
314 315
146 147
314 315
18 19
309 310
135 136
277 278
50 51
271 272
118 119
228 229
176 177
355 356
252 253
282 283
82 83
207 208
242 243
30 31
143 144
58 59
284 285
303 304
318 319
163 164
56 57
253 254
109 110
295 296
201 202
109 110
287 288
22 23
53 54
228 229
30 31
342 343
148 149
63 64
34 35
30 31
242 243
10 11
158 159
79 80
197 198
65 66
43 44
26 27
247 248
320 321
199 200
114 115
86 87
22 23
299 300
307 308
227 228
167 168
109 110
265 266
310 311
38 39
169 170
278 279
309 310
186 187
104 105
283 284
85 86
164 165
75 76
13 14
282 283
80 81
2 3
123 124
172 173
6 7
265 266
54 55
284 285
19 20
5 6
281 282
107 108
37 38
57 58
5 6
181 182
166 167
228 229
157 158
247 248
201 202
143 144
272 273
86 87
44 45
70 71
31 32
136 137
63 64
241 242
88 89
63 64
16 17
107 108
178 179
123 124
63 64
126 127
246 247
115 116
136 137
94 95
197 198
87 88
76 77
176 177
153 154
108 109
173 174
46 47
52 53
143 144
74 75
212 213
55 56
31 32
5 6
8 9
212 213
27 28
120 121
206 207
153 154
225 226
130 131
202 203
129 130
170 171
49 50
58 59
172 173
55 56
182 183
35 36
192 193
149 150
47 48
6 7
197 198
43 44
70 71
221 222
192 193
67 68
186 187
134 135
195 196
45 46
184 185
86 87
144 145
84 85
120 121
117 118
140 141
55 56
117 118
14 15
7 8
144 145
37 38
54 55
3 4
93 94
54 55
164 165
107 108
52 53
99 100
45 46
4 5
90 91
58 59
39 40
66 67
186 187
26 27
161 162
43 44
14 15
160 161
109 110
156 157
107 108
55 56
108 109
87 88
54 55
24 25
125 126
2 3
158 159
145 146
32 33
25 26
136 137
7 8
106 107
163 164
38 39
58 59
139 140
85 86
114 115
17 18
66 67
60 61
152 153
3 4
24 25
32 33
119 120
31 32
126 127
10 11
88 89
84 85
73 74
94 95
9 10
142 143
81 82
59 60
124 125
37 38
42 43
127 128
93 94
124 125
125 126
107 108
38 39
130 131
9 10
103 104
104 105
21 22
13 14
124 125
70 71
53 54
23 24
73 74
84 85
74 75
46 47
45 46
86 87
23 24
53 54
40 41
40 41
84 85
92 93
20 21
68 69
11 12
100 101
101 102
35 36
48 49
17 18
21 22
61 62
49 50
61 62
58 59
20 21
67 68
83 84
3 4
19 20
35 36
20 21
73 74
50 51
83 84
52 53
67 68
45 46
40 41
45 46
2 3
36 37
27 28
56 57
72 73
48 49
25 26
52 53
21 22
53 54
14 15
10 11
5 6
53 54
61 62
20 21
62 63
47 48
17 18
56 57
36 37
40 41
27 28
37 38
50 51
2 3
7 8
46 47
10 11
13 14
35 36
40 41
13 14
22 23
38 39
42 43
9 10
6 7
34 35
10 11
15 16
7 8
26 27
3 4
5 6
31 32
33 34
0 1
6 7
3 4
7 8
30 31
13 14
1 2
15 16
16 17
6 7
11 12
8 9
9 10
1 2
10 11
11 12
19 20
5 6
11 12
3 4
13 14
4 5
0 1
5 6
6 7
5 6
3 4
3 4
4 5
1 2
1 2
4 5
1 2
1 2
1 2
0 1
