500 482 136
234
307
432
304
231
267
266
328
258
264
467
173
217
417
387
325
464
274
426
324
153
183
302
241
475
386
236
247
192
483
384
463
458
293
214
139
142
408
207
148
311
341
479
461
158
457
291
172
253
346
200
369
146
394
168
157
419
285
343
164
374
187
238
499
249
280
195
295
186
288
298
178
487
198
283
380
403
321
199
190
433
429
491
150
289
434
494
412
496
336
170
244
410
333
149
438
474
482
166
447
355
194
488
206
256
219
378
309
470
382
409
357
478
330
205
251
375
370
428
188
218
323
177
246
480
155
203
175
248
406
398
156
332
481
279
313
462
165
174
340
185
160
223
490
272
399
430
290
197
405
141
221
402
456
159
254
372
439
252
224
367
493
316
212
204
349
322
465
383
422
287
230
469
145
344
262
497
201
271
473
484
286
455
235
33
26
129
37
23
2
62
98
83
67
6
76
36
1
123
79
13
81
116
104
74
63
97
17
12
82
133
100
38
35
73
71
72
61
89
66
101
24
58
0
114
132
56
64
92
42
96
22
9
117
10
85
32
111
94
112
45
48
126
50
55
41
39
130
18
5
86
77
52
59
80
34
70
131
87
128
78
95
84
68
47
40
8
90
127
105
53
60
54
103
119
3
46
31
57
51
93
118
106
115
15
107
121
21
4
124
91
25
7
122
109
16
88
27
110
99
43
49
11
19
108
44
125
135
75
14
134
120
69
20
28
29
113
65
30
102
278
180
396
275
263
486
269
202
216
379
297
245
348
326
167
454
222
362
489
448
237
363
423
306
196
331
337
305
209
294
444
182
492
320
282
193
395
420
358
227
273
225
404
377
299
415
143
171
327
242
270
315
451
345
334
353
189
163
268
418
397
460
338
161
427
208
446
162
147
137
385
400
389
318
440
371
339
181
300
472
498
347
191
390
441
381
310
229
239
450
424
233
350
317
356
435
151
257
179
437
361
312
471
476
421
351
152
354
220
215
276
265
445
449
401
329
303
232
388
452
425
360
414
495
413
468
319
292
144
392
176
453
393
368
442
250
213
391
169
366
259
373
314
359
243
407
411
477
211
431
352
261
459
210
364
138
443
485
342
301
281
296
226
240
436
284
466
308
416
335
365
228
154
376
277
140
255
184
260
490 491
2 3
470 471
469 470
6 7
5 6
251 252
250 251
249 250
249 250
248 249
474 475
6 7
481 482
479 481
478 479
459 460
473 474
473 474
472 473
469 472
469 471
467 469
469 470
468 469
7 9
245 246
245 246
245 246
245 246
244 245
243 244
243 244
7 8
452 453
451 452
450 452
449 450
448 450
2 4
0 2
237 238
237 238
236 237
236 237
236 237
235 236
234 235
234 235
233 234
233 234
233 234
233 234
233 234
233 234
232 233
231 232
230 231
230 231
229 230
229 230
228 229
227 228
227 228
226 227
226 227
226 227
226 227
226 227
226 227
226 227
225 226
224 225
224 225
223 224
223 224
222 223
221 222
220 221
219 220
219 220
219 220
218 219
218 219
218 219
218 219
217 218
217 218
217 218
216 217
216 217
215 216
215 216
215 216
215 216
214 215
213 214
212 213
212 213
211 212
211 212
210 211
209 210
209 210
209 210
209 210
208 209
207 208
207 208
206 207
205 206
204 205
203 204
202 203
202 203
201 202
200 201
199 200
199 200
199 200
198 199
198 199
198 199
197 198
196 197
196 197
195 196
194 195
194 195
194 195
194 195
193 194
193 194
192 193
192 193
191 192
190 191
190 191
189 190
188 189
187 188
186 187
186 187
185 186
184 185
184 185
184 185
184 185
184 185
184 185
183 184
182 183
181 182
180 181
180 181
179 180
178 179
177 178
176 177
175 176
175 176
175 176
174 175
173 174
173 174
172 173
171 172
171 172
170 171
170 171
170 171
170 171
170 171
169 170
169 170
168 169
168 169
168 169
167 168
166 167
166 167
166 167
165 166
165 166
165 166
165 166
165 166
164 165
164 165
163 164
162 163
162 163
161 162
161 162
160 161
159 160
158 159
158 159
158 159
158 159
157 158
156 157
156 157
155 156
155 156
155 156
155 156
155 156
154 155
154 155
154 155
154 155
153 154
152 153
151 152
151 152
151 152
151 152
151 152
151 152
150 151
149 150
149 150
149 150
149 150
149 150
148 149
147 148
146 147
145 146
145 146
144 145
143 144
142 143
142 143
141 142
140 141
139 140
138 139
137 138
136 137
136 137
136 137
136 137
135 136
135 136
134 135
133 134
132 133
132 133
132 133
131 132
130 131
130 131
129 130
128 129
128 129
128 129
127 128
126 127
126 127
125 126
125 126
125 126
124 125
123 124
122 123
121 122
121 122
121 122
121 122
121 122
121 122
120 121
119 120
118 119
117 118
116 117
115 116
115 116
115 116
114 115
113 114
112 113
112 113
111 112
111 112
111 112
110 111
110 111
109 110
108 109
108 109
107 108
107 108
107 108
106 107
106 107
105 106
105 106
105 106
105 106
104 105
104 105
104 105
104 105
104 105
104 105
104 105
104 105
103 104
102 103
101 102
100 101
99 100
99 100
98 99
97 98
97 98
97 98
96 97
96 97
96 97
95 96
94 95
93 94
92 93
92 93
91 92
91 92
90 91
90 91
90 91
90 91
89 90
88 89
88 89
87 88
87 88
87 88
87 88
87 88
87 88
86 87
85 86
84 85
84 85
83 84
83 84
82 83
81 82
81 82
80 81
79 80
78 79
78 79
78 79
78 79
78 79
77 78
77 78
76 77
76 77
75 76
74 75
74 75
74 75
73 74
72 73
71 72
71 72
70 71
69 70
69 70
68 69
68 69
67 68
66 67
65 66
64 65
64 65
64 65
63 64
63 64
63 64
63 64
63 64
62 63
61 62
61 62
61 62
60 61
59 60
59 60
58 59
57 58
56 57
56 57
56 57
56 57
55 56
54 55
53 54
53 54
52 53
51 52
50 51
50 51
50 51
50 51
50 51
50 51
49 50
49 50
49 50
48 49
47 48
46 47
46 47
45 46
44 45
44 45
44 45
43 44
42 43
42 43
42 43
42 43
41 42
41 42
40 41
40 41
40 41
39 40
38 39
37 38
36 37
35 36
34 35
34 35
34 35
34 35
33 34
32 33
32 33
32 33
31 32
30 31
29 30
29 30
28 29
28 29
27 28
27 28
26 27
25 26
24 25
24 25
23 24
22 23
21 22
20 21
20 21
19 20
18 19
17 18
16 17
16 17
15 16
14 15
13 14
12 13
11 12
10 11
9 10
8 9
7 8
6 7
5 6
5 9
3 6
0 3
