4999 298 4781
4893
4815
4966
4916
4938
2874
4995
2395
1990
286
4834
2396
4829
4903
2386
4968
804
4820
1580
3671
4821
317
2598
1896
4685
4528
4971
4872
4863
1790
2459
683
4822
455
4880
4932
3289
4989
4794
4887
2073
3466
2936
4391
1626
2407
2836
4886
646
940
4817
4856
4816
2483
1637
2421
980
4797
4907
4832
4959
3358
4854
747
3085
4615
4322
516
3565
2105
1618
4254
4950
2509
2710
378
1130
4642
1334
1406
4936
3444
1249
4304
558
4922
2833
161
1723
2738
4339
2887
2380
343
4017
4095
3345
2283
1290
1539
4153
1590
4486
3550
257
4415
581
1484
2436
1624
3644
337
830
924
4712
3776
3846
2677
3454
834
3292
4761
2505
3460
240
367
1507
1890
1125
769
4285
579
4320
1162
4105
2056
3626
4071
2074
502
2228
599
1458
832
2035
3761
4612
3943
4064
2442
4617
3504
3789
3787
4146
3158
3135
3655
2133
1310
2906
553
2367
4459
2719
1459
2837
1057
1561
1649
2023
2961
4526
4218
2634
198
3685
176
2581
3157
1997
4135
2277
1641
3911
1684
2993
3802
3683
2363
2370
1522
3509
2609
507
59
1504
1293
1936
3700
3233
826
1230
2428
121
2282
2267
4681
2682
1688
2039
2167
1467
4198
3898
193
167
4196
2553
2740
888
4579
621
4076
776
2052
3374
1777
2011
3322
489
104
1098
1473
4080
727
2474
1837
3166
3284
1198
456
3648
2927
118
2293
3681
4054
3471
597
760
1886
1940
2908
3832
3499
535
2423
4279
4601
406
2215
2298
1416
3762
2055
3525
1429
3484
2403
4015
4637
1140
466
3722
1449
4452
4386
557
2879
179
3678
117
4163
3160
2064
1847
1257
4028
759
3698
2440
4618
1506
3710
1405
3534
1491
140
1751
3650
3506
1207
4098
781
1278
77
4178
2924
3665
3636
3062
51
965
106
3798
1595
229
828
2336
3096
4621
3398
2125
4377
551
857
3209
2250
3170
1836
1394
127
4538
268
1812
3317
1843
3821
3508
935
3101
4474
1554
3760
3010
4754
2192
1470
2149
3823
1412
370
643
1286
2191
4520
575
1894
247
8
2975
3425
4748
2669
4762
2357
1022
327
2839
631
4234
719
4130
1544
411
4671
1552
2589
3826
34
4780
2841
2626
3144
2266
271
1567
741
2771
3183
3706
4715
427
2451
4720
3858
1227
1155
3309
691
2765
2454
3242
2498
2770
205
4167
3902
3795
4646
1028
2127
4375
1874
2154
1758
3857
983
4638
2204
3518
948
2702
2441
3416
1086
4428
3790
1456
1797
4020
645
4750
1718
1928
2500
1826
2640
155
3869
4603
1218
1677
2471
246
3572
214
3314
1753
350
2758
467
4406
3319
139
3777
3494
4480
2717
376
3099
2877
877
3280
900
381
659
1234
1783
3766
3237
930
4156
1656
4736
54
3270
2069
590
4323
1991
3526
4359
546
2502
1127
3637
4195
2040
2251
2484
1743
483
2625
922
1066
4256
3063
1513
2341
1875
4482
2063
3497
2226
3865
1610
1983
3784
676
715
1048
2629
2196
554
2655
1401
3086
4085
1348
515
4205
4556
2112
4437
2009
4050
4578
2448
3596
3369
18
2335
3106
101
2763
2233
2360
514
2438
4540
3986
49
2374
4102
361
45
4125
3521
4035
1070
1804
3744
4722
2162
2295
4663
634
4199
1251
2199
4473
3162
1033
67
956
4649
3688
3091
3287
997
3035
3642
2613
2398
1734
4345
2794
3171
524
2518
3801
3155
2679
675
1798
3052
3008
4504
3939
1863
2685
27
2462
2724
1422
1673
1778
2425
1080
497
3758
3213
2165
849
476
1030
3954
1007
3306
3708
4380
1838
2067
3999
2229
1488
1466
3097
2668
2346
1128
4250
2552
3037
1045
1175
889
447
3446
3005
1750
1326
53
3433
650
4358
4107
3785
4318
3311
3668
3478
3136
2571
4703
325
1503
4756
109
4408
3624
1884
4678
1730
3406
4673
608
2824
2907
1395
4587
506
2024
3921
3116
856
1911
1820
1769
2600
3955
4274
918
3399
2409
1981
1868
1807
1697
3102
2389
656
3735
2021
4177
1825
4514
306
52
3402
1445
3428
3493
1588
2667
312
1342
3430
700
134
2799
3387
2503
3540
4394
2296
4175
4069
1357
3936
3657
3845
3405
1599
3692
1500
2828
2463
3754
4631
4777
4469
3385
1039
3285
3704
403
2212
3672
1932
3298
4570
3585
3367
1975
1202
491
1955
898
3978
1056
10
3839
4063
1157
291
3941
4229
2929
1632
951
4682
3222
4704
1776
2121
1379
1434
1768
2163
582
4548
1437
897
2392
3621
4223
552
4674
2446
4772
2059
392
3529
119
2534
3393
4341
2427
4315
1530
2976
617
1728
3243
993
2352
4771
622
2348
1774
746
298
335
3879
95
1735
2897
852
2957
2648
583
3131
3429
2812
4516
1638
3765
76
2556
3928
3154
1270
1568
984
4407
2969
720
68
3334
755
3944
2823
1339
474
3025
1338
787
359
3524
1009
165
1966
1059
4628
1010
417
3729
3875
2638
3539
3176
29
4454
1493
2549
187
3495
789
4493
2225
4430
159
2098
4627
3541
1134
2959
4381
3767
1980
4513
1854
2635
4744
3863
2606
416
1315
2076
2736
2527
4622
4450
188
288
446
635
1948
2854
2582
3149
2488
751
3752
4278
2022
2814
3779
596
706
3501
3161
2240
4596
2761
190
2772
3840
2537
885
2597
3014
1273
2209
2431
808
3545
3030
624
4543
3473
1126
838
3327
1281
3684
2785
2058
4350
3453
1478
1247
2815
3434
1349
3987
4373
1546
1548
866
2473
1414
4263
1993
4764
2185
2580
874
2506
282
3325
3793
2666
3216
219
736
4030
72
2470
3675
2938
1594
2334
3616
1375
4189
1937
1361
2485
2604
4461
2217
1525
937
2751
1982
1770
1533
3465
3338
3381
4180
4602
2851
3156
4224
1090
3991
3366
1138
684
3376
705
4301
189
1607
2622
2723
2840
2206
2084
1460
2611
2732
868
453
4535
4312
3993
4058
4739
3487
3746
2746
3013
3260
2261
3352
4397
3890
3693
3638
3872
1860
2117
4616
2188
4403
4683
2521
3579
2257
1163
792
1041
2727
1687
464
2114
2612
9
2934
4511
4262
844
1766
2861
1748
1034
3888
2481
3622
960
3528
2297
1306
1761
4606
1047
3834
1682
2542
4204
4091
4185
114
465
4295
1029
2819
1095
4624
2688
4390
610
4537
883
4609
3312
3020
3351
153
816
1307
1644
4512
4282
250
1496
2591
3245
0
3083
2017
500
1648
1532
314
1785
1351
1486
1806
2252
1344
355
2447
3027
824
1924
368
89
226
1074
459
4692
4768
4427
3421
2603
4426
4182
1117
4414
1605
2686
1832
3554
3092
3022
1666
313
342
4210
3279
2255
884
1528
2103
2401
348
310
1639
952
4659
4291
1282
2712
4222
3447
3058
3318
2857
4247
401
1271
3343
3511
2378
4112
1213
3583
150
413
4418
4534
3180
2157
3350
4352
2238
4434
410
449
3432
2207
3876
2891
1668
244
4560
628
2043
4264
1253
1612
132
2672
3450
75
3861
4700
2002
1489
3703
2822
876
3564
2273
4435
4068
1709
592
2805
1869
3505
999
768
3842
615
4726
986
1043
1587
2499
2160
961
164
4376
1345
1744
4147
944
2452
1258
1954
1686
4502
3830
4031
2757
484
1551
4425
2294
1899
2087
2044
3247
3197
284
4693
3241
3602
4554
3537
3510
2366
1054
1667
2020
2316
2329
4433
1732
3759
254
2566
1201
843
2992
2032
2548
633
796
28
2327
3467
3590
2766
4025
1363
1485
2164
1536
1736
442
3544
4310
340
4728
3953
2111
1809
1558
2008
4491
1229
3717
3733
3768
3417
601
2493
865
2175
3983
3485
2218
4179
374
925
3847
429
2711
2964
120
468
1678
3775
3031
2781
4083
2998
1179
4101
812
3304
4484
4751
3015
3995
1226
1727
911
707
1833
3414
1615
3079
2743
616
2274
1773
4742
966
3236
1167
1613
1600
1645
397
4456
388
2966
2068
1448
182
2079
3756
1161
505
1075
709
1575
3563
145
1136
4708
629
2958
1097
2340
1508
4448
4248
3868
2031
4251
2290
60
1893
3956
1960
249
3288
4460
3866
363
1864
1208
3896
4281
393
3122
2116
3606
3883
4187
509
1593
1274
3813
2271
157
2323
3878
871
2253
4510
878
1708
3024
4209
3633
2066
1380
2372
3258
4365
4140
4169
1121
3781
1132
2806
3874
3740
3087
1636
1469
3677
4770
382
1084
2036
2091
3394
1898
1250
3498
1364
2190
1547
743
4171
1252
511
3595
1949
4115
2305
1188
2576
3121
358
562
619
2408
1740
783
3123
2492
405
3725
921
3464
281
4002
527
571
2687
295
4684
1722
829
1720
2151
647
1023
4106
2123
2057
685
2928
1976
840
4518
3148
3003
40
2003
3090
1918
2515
1814
908
1204
4166
2644
4654
2213
1501
4161
2029
3958
1495
4093
1081
2945
3810
2351
1793
2391
1424
1476
3377
1671
4733
1195
1657
1240
2624
2244
4574
297
2383
3456
1408
2962
305
1925
1527
2937
2948
2088
4038
2460
1016
1071
1831
2128
1072
2931
3112
794
2796
3251
2943
1280
693
425
2533
4043
4576
2755
4174
1952
3371
352
303
4261
440
2254
1197
462
4109
1909
4244
3200
4252
4702
4094
3625
901
4328
3691
4400
2479
750
3532
1092
4717
1996
3332
4405
4515
718
4181
1005
2978
1089
307
4676
4297
2070
4139
2082
2585
3491
1725
1426
1276
1573
1957
326
504
1669
2558
748
1083
423
2868
915
3191
3192
765
4738
682
2402
1646
1119
2930
1559
1362
1818
2300
1570
517
1710
3940
3894
602
858
1553
408
1944
1024
3652
2592
3502
2564
241
3361
61
3828
2169
1471
594
213
4021
3630
4550
2630
4150
2517
2458
4468
797
3426
3196
773
154
3512
3927
818
1523
3457
568
3
2670
3551
4041
2529
1799
4632
855
4361
964
3040
4183
4331
1388
1883
263
2134
1447
471
742
2016
1441
4465
373
1319
4066
2136
4483
1694
3278
2651
847
1037
2753
3741
1477
478
1719
3561
362
785
762
1762
2411
974
926
3887
3060
3908
3962
3423
237
4055
4306
234
996
1288
1916
3368
4048
2855
4170
4144
1961
2195
3065
3320
1795
1518
1784
24
2631
979
1323
4767
2355
3252
1623
1543
3974
696
2153
1123
1008
3076
626
487
2046
345
2941
3837
540
324
611
457
3115
4730
2845
534
3643
1085
1109
3147
1689
2674
4356
4257
1017
78
3661
30
1861
3916
2122
2869
2658
3145
3679
39
2882
3546
1663
4249
4541
4131
4424
1067
1834
365
1680
1370
3448
1946
2867
3172
1929
3988
1297
1801
1376
3340
518
1715
3474
2486
649
4013
1759
4232
1365
976
2544
4651
2413
235
4672
3259
1712
2628
772
681
1933
481
2983
1149
501
1373
3413
3143
436
3140
4614
3598
2230
4259
3870
4009
4421
2650
1378
1681
5
998
4718
3816
508
3803
757
4056
2353
1094
766
2320
3750
1241
2308
3055
4311
1374
4378
3422
3569
919
3658
1268
2430
3146
4272
2508
4036
3970
4309
2678
2101
3990
825
3093
1046
2718
336
2681
1158
4001
2337
4449
3316
4215
2922
4644
4743
671
4719
364
2523
613
496
1139
2272
3294
4289
2894
4086
395
1146
2415
2916
2984
3108
745
4479
1855
3731
890
842
2881
3126
2900
1461
723
4620
2180
3977
3719
3483
4392
2512
1101
1347
1409
3609
607
989
3272
3730
3182
4635
606
2579
761
1317
4110
3077
708
1704
1765
2896
3881
2536
147
660
2214
1021
2219
526
1325
1254
116
809
2349
1052
2223
3064
4351
1372
3482
1978
1760
4476
2760
2156
3440
810
4595
2647
4544
3601
3558
732
2038
420
4162
1209
86
74
4296
1557
609
113
4307
2356
2289
2568
988
218
2526
3315
146
1018
230
523
3578
3966
103
4353
770
3724
90
1238
4650
2494
4593
1830
1309
2099
3850
1930
2808
2641
2637
1698
3950
1970
3435
356
3822
3780
1571
744
2197
716
893
1540
50
3912
957
3163
2364
4519
3072
3479
4419
3934
2181
1535
2263
1346
1124
2333
4623
2371
3075
3811
1215
4134
4369
1324
3458
2627
96
1733
4497
3463
201
1228
946
1190
4348
3042
3274
3187
1077
1150
469
2784
3699
292
3994
2453
4343
3129
4581
3185
3629
1827
1802
4709
2065
4122
902
3205
1330
160
1415
1423
35
2968
400
3195
2789
3475
1352
3207
1294
1586
331
4605
4330
823
2842
3952
941
4687
2080
4625
1264
2850
1939
2848
387
3051
1335
2873
2245
1135
862
3234
2139
1556
409
2222
3221
2596
4655
3336
3694
3373
2756
1369
4067
3806
3219
4399
3984
4464
4525
1819
7
1464
4299
4118
2754
639
4157
2286
4079
4735
3753
1107
648
144
3973
1398
3742
1998
3451
311
4630
822
2186
4100
3016
663
4277
3184
1425
4276
1729
3174
224
206
994
2849
1549
3048
2171
758
3968
3032
982
2870
3538
2762
1564
1619
4240
740
3971
435
970
1922
4018
3117
3321
2547
4077
3355
637
3763
3132
426
1537
386
3073
195
942
2697
2654
2663
2270
4389
1984
2418
3772
3410
604
3720
390
2093
1113
135
228
975
817
2231
1858
4357
1502
4042
3265
4779
3113
4382
1691
3981
1000
3982
3778
3929
3800
4040
867
2132
2853
530
1032
1927
1690
686
3634
3082
3230
2365
4273
4228
191
2516
3996
754
1703
151
2721
2709
1407
1474
4665
2623
531
1356
4679
2224
1312
678
4545
2419
1411
1823
2595
955
2248
1779
4368
1091
2135
4499
1987
652
2646
3520
4686
3855
2645
3476
674
112
3859
2359
4298
584
2902
3204
2306
3873
721
2689
369
4657
2816
166
4014
1159
4478
4436
57
472
225
3641
3507
1747
4005
1746
2675
510
4571
1701
1913
3418
529
2194
4553
2642
460
2788
136
1651
3817
6
521
4366
814
3571
1562
1601
3674
907
655
1492
2905
3392
2100
3261
2361
1295
1650
3445
1912
1674
2144
4498
2925
2150
3909
4062
4060
4024
4340
107
2780
2809
3431
4755
2782
4732
1031
3384
4567
879
1011
3976
499
3576
3877
4723
2769
1914
1078
2328
3748
181
3664
3523
3138
570
1239
3891
3589
2528
267
3105
3843
2394
477
458
677
1845
1974
539
1169
2522
4438
3153
4753
3615
2532
1781
2014
712
2892
667
2081
242
4046
1664
3323
1828
4233
717
3391
2565
3593
3263
2594
2871
967
2083
1902
2496
698
1446
2776
3807
4463
174
4087
3591
1176
2258
4417
4327
2661
4383
1577
1780
3769
431
3836
3727
2004
3948
3089
391
669
1308
2683
3715
1100
1541
3709
4158
2405
654
1566
1181
123
3825
251
1170
2617
194
1418
3599
3281
3542
1358
1036
913
2047
4522
3119
131
266
1572
4598
2256
4475
3519
1908
3835
2933
2464
3961
1133
4597
1360
896
215
1938
2898
3920
4429
3249
4269
3313
2178
3951
1430
1262
1187
2980
1451
3559
2375
4727
2385
2377
543
2752
4231
612
2476
2790
1206
3555
4082
3885
3783
2745
4760
3604
2653
2475
2633
4611
2707
662
1659
1971
2450
3957
1367
1585
4563
133
4143
1244
4200
3933
495
3673
2636
1419
790
2456
1386
13
341
2690
2432
2942
97
1692
3844
1923
2000
4778
4260
2077
2319
4758
916
3074
2569
1603
547
169
3039
2791
360
4363
66
2715
2137
4344
3370
968
47
4472
4303
2889
4653
1182
4329
3401
2539
2832
1120
3713
2179
2987
2124
1614
1385
4443
1392
4749
3617
3228
4347
2005
728
200
4362
801
3094
2435
309
2158
1509
585
1643
1598
4619
473
503
1800
296
679
1051
4212
1433
4398
2843
4123
102
576
3946
1880
854
556
4230
1038
4265
864
168
1193
64
3038
672
3021
2510
2025
3415
2140
1151
216
2742
1243
204
2560
3443
3078
32
79
2142
3267
3069
2126
87
1817
917
906
2501
245
548
3469
1266
3829
1620
3303
3348
3867
239
4164
4075
2200
3100
2856
2574
1589
62
567
1015
1397
1062
231
346
2632
3477
1789
2952
1977
1625
4471
3379
3905
4326
2731
1332
753
2680
3972
3794
4746
2173
1542
3841
384
3853
4243
445
2944
873
1145
4769
2455
3690
2726
3125
3439
580
3924
806
4065
2787
2120
385
2559
786
4288
573
2895
273
3411
3341
3164
1900
2538
3300
2878
1943
2876
1764
1821
972
3226
2182
4114
2303
1283
2932
2939
3751
4647
1399
2220
2543
1417
3127
3707
221
1707
2275
1006
2013
4503
1654
2759
1597
3246
591
536
614
428
1714
3582
1721
1166
4290
3653
2601
2426
243
533
4149
4506
4319
4707
1180
4592
2424
4132
128
1058
923
4413
2062
4568
1106
3574
2
3250
3257
88
934
175
2012
2988
1965
3749
494
4047
1147
380
4242
1499
2914
4490
278
3223
4610
4355
1299
4531
2033
886
3050
927
4211
714
1465
3937
1653
1291
4219
402
3395
1926
322
4235
3009
2531
593
2466
1236
1440
903
2748
704
1670
3774
1384
3992
3363
2086
1497
2007
3254
2443
2811
2818
1002
1963
3071
3044
3188
3701
1153
912
3382
1079
4302
4236
270
2457
1328
4716
711
277
4765
4237
2792
1713
2332
779
4096
3515
2437
1436
328
156
3151
3486
4432
3275
2610
63
4172
2779
371
1141
1245
1841
2953
3342
1026
1756
872
1888
375
2860
1545
2242
152
3687
3895
3527
3570
4775
1053
4314
4006
344
1368
763
1622
4155
4721
4763
2797
4119
3084
414
661
2092
1063
4072
2053
2590
1521
2734
1742
1444
3611
688
3276
1144
4342
1516
3771
3492
4530
1111
2071
3400
2989
4431
2567
3347
4714
4084
2310
2388
2665
4099
2106
4127
1004
2381
279
4495
475
1652
351
4045
2387
4656
255
2410
2490
4194
3173
1994
1327
870
3193
12
756
3666
441
3969
566
3884
3365
4335
2362
784
892
831
803
3906
3248
3480
37
4458
4160
1693
2739
3556
778
137
1873
4466
1889
2951
4267
2830
651
389
4142
2511
1108
2027
220
58
1808
1285
1301
1214
1442
899
1438
172
4416
3468
2866
563
1878
2324
1189
2974
158
2420
338
775
1065
1794
4488
3354
2995
1865
2018
4108
777
1675
2309
2478
122
713
1538
19
3194
4626
904
4675
2216
1917
80
3409
4577
4501
3283
1366
2468
2049
697
22
42
3388
4666
1185
1628
4300
339
2555
827
4589
2379
836
3998
2302
1064
2744
4420
2482
3814
3344
3212
1921
977
2343
3326
2284
2369
1853
2955
3997
3256
4364
3337
1700
623
3689
2884
1396
2904
265
4604
4517
4057
2115
4741
1354
3500
2999
1242
3645
2368
3178
3935
3628
3489
2525
2773
4346
1662
2247
300
3915
636
2584
1635
3189
2835
3728
1805
839
1872
1631
2768
4238
452
4388
3452
3088
1013
4074
3910
1110
1314
3831
881
2015
3307
4136
3922
2664
1931
2956
2583
1578
4773
3584
2347
3067
3349
2692
3057
3899
3271
3797
3755
4213
1629
4546
4283
2546
729
1616
1289
550
207
290
3614
1887
319
3757
4658
2775
2618
2037
488
2330
2399
2159
863
3496
4023
4757
4192
261
931
771
2358
3820
3353
2321
1840
3437
4173
3949
20
4444
1377
1261
1025
1822
3310
1563
642
293
1402
4191
4287
3965
4401
1076
3573
2698
2704
1514
4584
2699
444
3408
1027
4217
2910
4333
2967
985
2373
394
658
3227
3104
2317
2827
3472
1275
2795
2412
3299
4731
605
1410
3808
4321
2095
4533
4039
2997
2393
3053
3788
41
2831
2287
2747
4575
4090
1483
3989
4124
1431
2311
3330
3041
1014
1741
3110
2318
2706
657
1353
1439
2097
210
1468
3229
1248
2859
1453
1237
2986
320
3654
4374
4410
3792
2189
4184
1171
1336
1835
1055
2996
1772
125
2406
2783
2285
4268
710
3723
2720
2504
2278
3818
2846
793
3714
3889
2778
2587
2994
1082
3177
4316
4120
4402
2620
4494
2118
171
673
415
3862
2301
2280
55
4190
3198
1813
92
2883
2241
1154
2006
841
2326
3824
3436
1272
3103
2444
2292
737
3356
4216
3917
4129
3577
492
2954
4689
3034
1510
638
470
3517
4026
4586
1973
4453
1331
2279
498
1705
2096
2249
2701
4566
4664
93
1706
690
2852
1172
1302
1481
180
3026
3159
2304
2429
4395
2926
537
430
1480
3134
31
3782
3819
2847
2535
3581
2048
4710
269
1661
2176
1905
3603
2193
4201
1877
2045
4227
493
2703
2777
2586
1168
1986
4607
1882
4740
274
1515
1421
2264
2433
2813
1219
1763
3139
2575
4462
1550
4226
3262
2935
461
3407
2695
2875
4188
2800
1148
486
448
545
43
1050
3118
443
2041
1443
1096
3711
1263
939
4293
3333
2090
978
1791
44
4255
4509
2104
1524
882
519
3587
782
3854
3745
3608
4367
3095
1856
3651
1815
3925
2656
302
4027
2315
2325
4317
1879
3543
1329
4253
2152
126
726
1099
479
236
264
2445
4636
1003
2921
2946
3277
1934
3442
1604
1582
1862
4037
3656
2078
910
513
3128
987
2299
323
1343
578
1775
3141
4573
4022
424
3302
2973
1303
2737
3179
276
1246
694
2434
1951
56
2722
981
4641
2915
1313
1904
1512
4154
1042
4334
2903
2676
3375
3357
1192
73
4470
3918
2198
1992
437
4313
1235
3676
3130
692
664
3669
1979
1223
1457
853
522
1565
2108
947
860
2354
2110
1767
4385
94
3461
3109
1035
3852
1985
70
3670
3568
3632
3427
2400
1606
2174
4308
4440
2803
211
315
2487
2390
4564
3959
2276
2991
3547
3907
2561
2119
1
2977
1217
1901
1679
2345
3964
2269
4011
1143
3111
555
4661
1999
586
2960
2643
1129
1487
4004
3061
2708
3516
2211
2949
1160
3886
2130
950
1391
2072
4652
1534
2312
1322
1203
3646
1311
3282
3901
1420
1232
1699
3331
3893
1173
2716
1088
4292
4409
3019
1044
15
1910
1829
945
2143
36
3167
1782
932
2729
2919
2909
560
4029
767
3705
4266
4116
4529
3900
3208
46
3871
3649
4396
4639
3913
549
2397
2713
2331
4186
1633
3217
3238
4117
3662
2422
2203
84
2237
2893
4599
1849
2239
4324
1892
1116
730
1191
4003
2234
2863
2725
383
813
880
2344
1284
3047
3663
1683
625
3438
2540
1222
4206
4600
695
3419
1811
1019
2981
1947
3239
2384
1968
1131
2177
2607
1112
4508
4613
680
3737
1967
811
2138
4549
1359
4752
2227
589
3659
572
3054
3851
1450
2798
2965
520
4016
3686
3335
1584
4711
2801
2168
238
3904
850
1881
4747
1696
2050
3864
149
3513
232
2085
4305
3002
197
1915
2615
1969
687
3420
3036
764
1020
3380
248
4539
3919
2804
2872
1104
2404
2520
4070
4294
3059
217
287
130
1432
1897
1462
4669
2155
2075
1390
4061
528
1903
3682
3235
3586
422
4439
1755
2497
4481
2578
4051
2826
2838
412
587
2184
1114
4701
332
3975
1200
920
569
928
1859
3963
835
3124
4128
3631
482
81
4053
869
1581
1049
1383
561
100
3301
82
541
399
1452
2807
4442
283
2060
2201
3346
3181
170
2554
2382
2342
4559
3056
4489
1174
1810
1591
2570
183
4007
544
1277
3930
2912
4699
2971
2089
2322
1602
2572
3618
1857
2107
419
1920
644
3396
1739
1885
733
1526
3215
2741
4766
1382
3892
2691
1427
2858
1871
791
805
3006
3244
4423
1560
2028
2235
4126
3081
4677
4092
4280
4694
4485
3232
25
1941
275
4221
3080
4
565
1658
1337
1796
1771
3734
2262
38
3613
1210
1630
4569
354
2730
3220
963
2183
2551
4555
3979
3441
2786
905
845
4103
3001
689
4774
256
3404
1305
3070
3533
1786
1574
3043
301
222
4562
799
598
3169
1569
875
3210
4688
653
1848
2246
2673
2102
2970
4208
1839
3738
33
2260
2639
2888
178
1867
1199
724
1455
4239
4151
3712
3605
4332
3190
3531
1118
538
4496
3152
377
1428
69
2147
4148
3635
3770
353
4737
3764
404
2899
795
820
2696
2148
1531
2232
2061
105
4591
953
186
3812
3133
2513
1152
2439
289
1617
451
668
1676
3268
199
2923
4214
2236
2886
2480
630
3623
1988
2461
774
4643
2417
1724
2010
588
1517
3459
2750
3716
846
3552
3023
4197
2313
895
1846
1907
4193
4670
1225
1102
4000
4521
1870
3045
1816
347
1224
2825
1608
990
3536
233
2602
4523
1413
2545
807
4049
4349
1387
454
3390
1876
4121
4551
4696
1012
260
1627
959
833
3202
848
3880
2338
17
1895
4524
3225
701
3488
1093
780
2166
3640
618
2205
938
3849
3273
3286
3549
3535
1298
2735
2972
3695
4019
1962
2913
4012
3297
3175
2693
632
1752
4010
407
1321
3293
1186
4034
4203
334
4104
1866
209
3462
670
2918
4422
819
4220
4168
3627
1749
3804
2844
3255
4588
1935
1953
3308
1340
3029
490
3098
4033
2917
3329
1621
2524
2911
4338
4207
1498
4552
185
485
3424
262
1454
2862
3721
1371
2694
2573
1255
2291
294
1212
14
3747
184
1479
2161
1231
2129
2268
1596
4059
3218
3403
111
3364
3548
418
1205
3809
2671
1726
11
1287
3530
3947
2113
1292
641
3680
2619
1393
1403
379
1341
1609
2507
738
1068
1472
1672
4705
162
1475
2616
4379
894
2880
2793
3389
4633
4697
148
4745
2885
2990
1757
3295
1001
2767
2530
4360
2170
4457
1852
285
4008
3773
2865
4594
821
1919
2001
1404
1256
48
1579
1511
2963
1269
3481
2477
2202
933
2416
1655
1105
3799
1183
1519
2210
2599
1850
2621
4165
4580
4447
4145
2652
2864
3012
4583
3142
3914
1267
4081
3378
480
4451
2131
798
1142
525
4759
83
4270
372
4286
949
3266
3503
1260
2221
258
2577
1069
2519
3203
559
2950
1400
2605
532
4176
2982
1950
2109
3253
259
4371
438
3942
1196
4159
71
421
4225
3639
4634
3165
4608
1803
138
3607
3412
1505
463
3372
4547
1964
851
4660
861
4558
4691
4565
2901
3553
4706
995
1555
2614
3588
4725
3449
731
1265
85
3068
3296
1333
3186
4202
936
2491
4640
3305
99
115
1178
3697
208
3620
3702
4088
1073
4325
4542
929
3324
2802
3743
330
1942
2684
1891
3612
227
396
142
891
4393
1040
4455
887
398
2550
3597
2985
143
4532
1103
3211
3815
2030
3000
2350
1177
203
2146
3386
1304
734
699
1318
4246
4336
2243
3667
802
1583
2019
4245
3328
1787
2489
3575
1194
3718
1711
1792
4412
1259
2749
3049
958
2449
1660
2657
3960
702
2588
4713
627
4527
4258
4387
4507
4629
749
595
4445
3739
4141
725
2593
962
4384
1737
4585
3647
1061
3592
512
1702
1350
2662
800
2557
3696
3033
4467
4446
3560
1844
620
252
2414
4590
192
2700
1482
1389
1211
3397
4152
1463
2051
177
3514
4500
3011
357
2541
4477
1165
4668
1520
1220
3600
1060
3455
1087
1989
3269
2821
4648
2054
2141
603
4729
2307
432
4078
788
1122
1279
3522
3860
202
3838
1490
1184
3594
3240
3660
943
4271
4411
3932
4032
4557
4572
4724
2042
1824
1685
1611
4698
3726
299
4908
4786
110
308
4784
4868
973
815
2979
4802
26
124
4372
2265
1695
1956
2733
4982
640
2467
4734
2465
735
4805
4978
1164
4875
2562
4690
4680
4954
4928
4776
4937
304
4974
3732
4073
4441
2469
564
4894
4946
4839
4844
4354
4862
4973
3557
4798
666
2714
1576
3383
722
1642
2145
2774
4977
4972
4241
439
4896
4926
4826
329
3362
3290
2208
4881
2829
141
2920
4695
3007
3214
4864
4874
4866
4801
4929
4803
1592
3028
3926
2810
4871
4892
3017
3004
1320
4846
4860
4052
1995
434
1233
4939
223
3786
4900
4924
4897
65
4899
3264
2339
1647
16
3805
3882
4958
4997
4536
1717
4133
3224
859
2834
3848
4904
837
173
4851
909
163
2288
4097
4138
1945
2817
4975
4783
4882
4889
3856
4952
3833
3206
108
969
2764
3018
1355
4914
4800
1381
3150
4487
2495
3619
3796
2728
4895
4645
4943
4878
4962
4920
1529
316
98
2314
212
4996
4986
4965
992
3168
2890
3291
4933
4984
4793
4969
1435
4980
4824
4830
4870
4859
4961
4888
4891
4949
3931
4806
4948
4940
1216
3114
1137
2472
4837
4909
4795
971
4807
4976
4838
4910
3120
4843
349
739
1221
4814
4847
4942
4813
3897
196
318
1665
4505
3985
4951
4912
2281
3945
1156
2172
4833
4990
4993
4799
4857
4953
4987
4917
4945
4818
4848
4915
4884
4831
4867
4809
4947
4840
4808
4853
4885
4823
4370
3610
4849
4991
2705
3736
1731
4275
2563
4902
4919
4921
4957
4810
4827
2947
4883
4667
2660
3137
991
366
3231
4782
4905
3359
4963
4841
2659
4931
2649
129
703
1745
4787
4561
1300
3066
1851
2026
4404
2094
4970
4960
665
3580
2820
4835
3490
4956
1115
4913
4876
3903
333
3360
4044
4845
4998
4852
4792
1716
4791
4137
3980
1738
2376
3938
3566
4850
4967
3470
4935
2608
3201
91
321
4988
4941
4979
914
272
574
4923
4985
4930
3339
4983
1959
4873
4898
4582
4796
3562
4836
4789
4865
4337
4858
3827
4877
4911
3923
1754
577
1634
4113
4284
1316
4918
4934
4111
4927
1788
2187
4855
1640
253
4861
280
3567
752
4825
4842
4089
1906
4879
600
1958
3791
450
433
4811
4492
4869
4828
2259
2034
3199
1972
3107
23
4925
4790
4812
4944
954
21
3967
542
3046
1494
4992
4994
4901
4955
4804
2940
4964
4785
4788
1296
4662
2514
1842
4906
4819
4890
4981
4781 4782
4668 4669
33 34
67 68
4916 4917
55 56
4956 4957
11 12
58 59
4693 4694
4926 4927
4984 4985
4582 4583
4703 4704
4634 4635
4879 4880
4825 4826
4775 4776
4881 4882
4849 4850
4948 4950
4948 4949
39 40
4961 4962
4712 4713
4955 4956
4629 4630
4690 4691
4788 4789
4917 4918
4932 4933
4952 4953
4806 4807
4685 4686
4824 4825
4708 4709
4584 4585
4934 4935
4705 4706
4779 4780
4851 4852
4901 4902
4901 4902
52 53
4626 4629
4861 4862
4725 4726
34 35
59 62
4659 4661
4583 4584
4582 4583
4604 4605
4715 4717
4713 4715
15 16
4675 4676
4899 4900
4579 4580
4578 4579
4673 4674
4670 4673
4921 4922
4919 4922
4581 4582
4581 4582
4702 4704
4702 4703
4602 4603
4823 4825
4823 4825
4672 4677
4671 4672
4704 4705
4703 4704
4640 4641
62 63
62 64
4630 4631
4869 4870
4599 4601
4597 4599
4834 4835
4886 4887
4886 4889
4885 4886
68 69
4583 4584
4870 4872
4818 4819
4817 4818
4781 4782
41 42
40 41
4846 4847
4846 4847
4793 4794
28 29
28 29
4676 4677
4643 4644
4626 4628
34 37
59 60
59 61
4575 4576
4716 4719
4629 4631
4796 4797
4795 4796
4658 4659
4657 4661
4623 4624
4622 4623
4576 4579
4691 4692
4809 4811
4807 4809
4833 4835
4831 4834
4830 4831
4802 4803
4720 4722
4818 4819
4817 4818
4817 4819
4815 4817
4651 4653
13 14
4751 4752
0 1
0 3
4565 4566
4564 4567
4768 4769
4768 4770
4770 4771
47 48
4685 4687
4685 4686
4684 4686
4683 4685
4683 4685
4626 4628
4785 4786
4784 4785
4783 4784
4622 4623
4555 4556
4714 4715
43 47
4704 4706
4576 4578
4575 4576
4751 4752
4651 4652
4694 4695
4693 4695
4693 4694
4693 4695
4669 4671
4711 4713
12 13
4687 4688
4686 4687
4685 4686
4685 4687
30 32
4586 4587
4586 4587
4584 4587
4726 4729
4630 4631
4628 4630
4627 4628
4626 4628
4748 4749
4722 4723
4656 4659
4623 4624
4623 4625
33 35
33 38
16 18
4583 4584
4571 4572
4571 4572
4570 4572
4696 4698
4694 4696
4694 4695
4691 4692
4689 4691
4688 4689
4687 4688
4685 4687
4682 4685
4616 4619
4673 4675
14 15
13 14
13 14
4600 4602
4600 4601
4598 4600
4597 4598
4594 4598
4662 4663
4659 4662
4659 4662
4654 4658
4555 4556
4649 4650
4649 4651
4648 4650
4631 4633
4669 4671
16 17
16 17
15 17
4663 4664
4544 4545
4656 4658
4656 4657
4655 4658
4654 4655
4623 4625
4620 4623
4587 4589
4590 4593
4556 4558
4607 4608
4606 4607
4605 4606
4605 4606
4535 4538
4534 4540
4533 4535
11 12
10 12
10 11
9 11
1 2
12 13
10 12
9 11
9 11
4520 4523
4519 4521
4603 4604
4603 4606
4601 4604
4599 4601
4598 4601
4597 4599
2 4
2 3
1 3
4561 4562
4559 4561
4559 4560
4558 4560
4556 4561
4556 4560
4553 4556
4542 4543
4542 4543
4542 4544
4540 4542
4563 4564
4535 4537
4533 4535
4531 4533
4529 4531
4527 4529
4526 4529
4526 4530
4539 4540
4539 4542
4539 4540
4538 4541
4537 4540
4533 4541
4517 4518
4516 4518
4516 4518
4515 4519
4515 4516
8 10
6 8
5 6
5 6
6 4505
5 6
4 9
1 6
0 3
0 5
