500 28 18
268
278
98
173
17
16
498
5
0
474
10
61
140
384
165
1
41
464
276
127
24
15
11
284
13
475
206
425
448
89
4
489
283
343
313
310
385
308
185
393
210
125
226
134
50
63
306
247
57
269
487
439
93
236
115
21
246
35
471
132
315
361
444
432
346
309
209
117
430
162
83
108
433
207
396
157
486
406
105
66
71
104
152
417
225
334
422
149
292
494
388
46
265
72
221
252
156
38
232
88
192
275
299
319
65
392
463
289
234
446
110
208
222
467
273
77
342
20
133
296
75
179
33
437
434
491
238
286
218
327
360
146
169
240
366
449
189
51
408
402
298
358
426
198
378
424
386
496
84
211
106
188
438
405
326
263
145
55
27
70
395
129
59
293
355
37
353
220
267
144
97
109
441
143
429
356
159
423
131
186
242
248
150
345
399
277
85
148
403
324
301
243
302
216
485
22
407
328
62
266
461
322
480
121
389
107
317
170
135
43
171
260
416
155
447
187
215
193
271
40
151
25
314
344
440
451
400
111
442
181
419
54
177
204
214
154
368
258
347
32
153
412
34
373
339
287
102
69
49
418
261
493
336
12
6
2
229
452
48
30
95
272
304
130
499
387
459
369
76
203
100
497
176
56
270
42
351
377
113
257
139
280
174
458
29
465
74
421
87
316
160
352
443
445
462
380
197
233
279
401
364
250
472
282
219
64
23
90
119
394
456
331
359
53
335
367
281
196
228
323
375
450
264
300
175
114
86
172
479
45
124
241
3
9
321
8
7
137
383
363
237
478
492
415
291
164
469
340
390
161
163
180
330
371
249
82
312
470
217
337
354
201
231
199
103
483
453
482
338
31
99
409
244
202
81
91
118
295
307
158
138
466
256
435
227
60
413
376
431
481
92
350
411
341
362
101
410
126
468
200
68
166
457
274
333
495
245
191
398
239
488
311
123
195
183
136
26
288
262
372
460
365
370
484
14
294
454
477
205
168
325
36
39
19
251
128
235
382
476
318
58
44
230
52
297
78
255
374
182
305
96
414
167
147
223
94
285
332
116
141
178
329
79
28
348
112
73
67
120
224
194
47
357
490
404
122
381
455
391
436
379
142
184
190
473
320
259
212
427
253
290
213
254
80
397
349
420
303
428
15 16
13 15
329 330
329 330
4 6
248 249
19 20
16 18
413 414
8 9
324 325
0 4
1 2
1 2
1 3
0 1
236 237
235 236
6 10
8 9
8 9
306 307
305 307
1 7
4 455
3 6
2 3
0 4
