500 11 113
135
345
160
410
396
232
79
73
483
425
161
111
452
165
405
240
291
245
402
367
309
252
67
55
137
413
176
19
429
416
104
48
7
422
204
140
221
117
198
60
300
489
451
475
134
378
98
395
330
470
336
249
41
295
36
326
434
256
40
94
112
471
202
16
139
92
15
372
355
191
328
447
50
424
49
445
26
51
199
287
11
298
136
363
289
453
119
387
125
358
214
0
84
391
360
401
78
392
195
494
182
335
322
352
175
339
3
236
151
116
270
417
296
351
141
369
397
17
20
129
444
148
57
210
206
375
419
208
142
265
65
308
310
498
247
114
303
418
492
261
386
91
407
349
299
52
408
4
46
354
107
463
420
201
156
273
158
478
376
281
27
77
320
155
59
268
288
197
280
229
18
166
228
187
381
22
102
32
14
275
213
313
216
63
459
69
454
74
323
333
157
147
331
239
440
348
244
192
99
278
272
415
394
466
108
443
353
101
205
145
194
243
477
200
461
366
127
469
13
167
37
253
290
464
209
361
406
468
109
276
457
342
357
193
368
302
388
319
179
495
496
53
24
314
286
260
497
362
86
180
28
131
389
90
428
81
356
186
344
215
95
332
306
411
10
423
174
292
385
400
250
246
237
467
23
189
373
409
219
257
279
430
337
110
462
384
105
238
412
235
364
318
231
283
460
121
263
301
150
241
87
305
251
35
482
365
442
21
83
340
164
152
133
484
190
259
379
297
218
370
481
487
338
274
450
120
64
277
97
347
316
207
171
284
449
124
329
185
100
76
458
317
254
476
211
2
224
258
432
80
448
248
177
267
343
33
154
456
8
220
255
262
39
431
72
390
132
144
173
264
269
163
47
427
217
45
58
473
188
230
441
168
371
68
439
382
293
374
12
341
82
486
1
380
138
474
227
153
56
6
25
393
285
203
327
146
212
485
34
38
118
488
172
184
170
437
479
71
143
321
435
126
324
85
414
282
70
169
75
383
359
455
183
115
149
5
106
96
307
223
398
31
446
234
465
88
490
377
426
491
311
44
346
61
399
162
130
403
334
266
436
89
226
438
29
66
271
421
304
233
325
159
312
178
294
30
472
123
54
181
433
196
128
9
499
43
404
93
242
222
225
315
103
493
122
42
350
62
480
151 337
80 262
116 131
45 78
42 59
20 25
11 35
3 22
7 16
3 9
0 3
