5000 5 906
1944
510
3963
3325
3707
1536
192
2521
1104
1885
3137
1281
3534
3840
4963
1962
4822
2776
788
518
4472
3896
4841
4220
2456
952
1989
558
3259
4122
2889
4576
4422
3339
2376
1603
1936
2418
1806
361
4942
3109
288
2276
2536
1653
1209
464
1301
2913
3312
2334
3102
639
3522
1560
4439
1540
4670
2378
3210
4585
3278
3548
2462
3735
696
871
2722
3972
4244
3179
4770
3586
4973
4935
581
3906
1060
1283
3232
4606
4022
2730
1525
2510
2763
2299
3321
4803
2406
2484
4995
4145
2807
3008
2755
1088
3061
1855
2452
2377
1651
202
1545
1327
2498
1225
922
2068
1463
23
3628
4755
4923
4837
599
1026
709
4413
1870
2944
4656
2324
1610
4497
3643
1050
408
528
1521
4758
966
1787
2732
2116
4625
3859
368
264
1335
3198
2046
560
3221
326
3654
1645
1483
4000
2411
1531
4528
4002
3829
2909
4157
1292
3677
4153
3441
1185
3055
2069
2682
3398
2358
1097
569
4095
3295
1191
4373
1763
256
2103
957
4364
4881
723
1459
4775
2975
4180
4568
3219
978
1399
1687
3672
3930
2287
4496
3862
1529
78
3320
428
939
1994
3918
1329
4522
39
1503
4363
3699
3142
2501
263
118
2992
3092
2274
2511
2210
1674
4078
2505
2544
4594
3224
3968
2036
4547
1841
872
693
2700
1042
4113
1616
1927
1001
3173
2422
2389
1509
4256
1431
1765
3920
4746
3955
1112
290
3204
1723
4283
2938
2928
3238
2990
542
465
1640
2101
3697
3989
2974
107
4085
3743
381
3145
4812
2293
3809
3053
1364
1821
1357
1751
1778
540
4657
3684
1623
2308
22
532
4420
3207
2174
1776
287
1151
4082
2387
3222
322
4901
1931
238
1508
1389
4023
2080
632
1491
1471
640
4058
1407
436
1490
3199
4227
4077
3556
4474
413
4250
3724
3987
1917
418
3790
1237
2110
3345
409
2954
466
4186
2037
2915
2803
4765
3426
3713
3844
4296
2454
3073
3818
2083
505
775
2171
3394
164
766
4783
2269
3751
3895
1658
3577
4944
4590
3014
2645
2193
4134
2615
2826
883
1958
3003
2499
3694
3466
844
4527
21
4154
483
1721
4187
573
3873
4796
3141
344
1034
378
36
4142
4378
4083
3473
3696
1598
3710
2875
808
3588
153
358
3415
1700
4348
2711
147
1469
3977
3627
2996
653
4080
727
3721
2512
8
3258
4307
836
4355
2351
1826
2517
4006
4906
200
527
3353
2371
2149
2832
4991
3943
681
4224
2897
1477
331
590
2567
2937
1877
1714
14
2650
4710
3511
3567
2466
3781
3962
804
567
4950
478
2211
1052
4993
2215
307
4653
2555
3390
847
802
4654
4957
2919
2822
2778
4578
4084
1574
887
4345
988
4291
489
3774
3002
4552
3411
3939
2317
3011
555
3266
497
223
332
3702
2738
52
476
4981
2777
3303
3313
1086
3276
3214
252
3646
4909
1069
4225
3262
3715
4786
1051
1300
1784
2397
3933
1121
4774
724
1811
2926
2242
3051
396
2672
3284
123
1705
2409
1905
1847
4553
1864
2372
1815
257
949
4473
190
1219
1066
705
4262
4574
137
4326
4106
4895
1813
1398
2213
4703
2993
4132
1216
1029
1127
1681
239
2199
3293
4067
3931
1923
3076
1716
3825
3819
4116
4932
315
4930
812
4850
4757
3009
4316
1706
1405
819
1840
4706
1715
283
4965
4037
1893
3716
1518
3298
3780
3402
1321
4109
1655
2978
609
1644
3826
1484
3301
247
209
18
66
3582
1956
3188
792
3647
2012
377
2208
1149
1417
3991
712
2520
4517
3147
1869
444
881
932
3993
2647
1895
535
2923
3195
367
3518
1257
3948
1913
2290
2718
916
1365
1605
2366
330
2507
3034
2727
3992
2834
1242
3157
92
2823
2175
3900
3483
3314
1173
4565
3191
4072
4533
2788
3937
2140
694
2007
3675
4252
3244
183
770
1352
1276
846
407
4943
623
2417
3069
4181
3010
2771
1820
4035
1150
1862
3418
2854
1129
3651
4572
4464
2637
4354
2593
4374
1819
3038
3335
2609
1091
479
1736
1036
2157
1868
2695
4204
1745
4173
3090
2899
4193
4797
3376
545
1400
304
3661
4005
951
2488
3044
1704
3062
937
1393
798
2779
930
4039
2256
4851
722
3133
896
488
1446
4064
201
1109
3828
1866
2296
730
3853
4824
3542
781
210
3822
3176
3945
65
2176
4828
511
4648
3946
1206
4791
2172
3792
1678
1140
4728
2268
2426
4438
1543
1568
669
1587
4701
1234
4715
2709
4500
64
4152
3337
3334
1089
3412
2863
4201
2602
34
2302
4102
1427
715
4346
493
513
4555
3435
1617
1166
75
2380
3265
4207
3187
4257
2581
3436
3538
2560
3863
741
482
2485
2102
2262
3251
2768
4074
1358
1478
3779
249
924
901
610
2267
4621
2042
319
3927
4749
1986
1530
1436
3540
2005
2245
2856
3322
3281
3040
1846
16
275
4170
3926
1054
3502
437
4836
1839
961
2839
537
4640
2591
1125
1414
133
1908
765
3706
593
1701
2606
2513
1167
2073
1187
4725
2852
3456
4323
1171
2145
2009
3594
2480
2489
1126
4688
4504
4843
2015
2414
4219
4660
3026
1802
4300
2048
2129
2014
1093
1354
2840
1661
4105
3504
1799
4245
251
472
468
4489
3785
2155
1000
1596
2959
115
1235
666
77
135
199
2846
3871
2625
1971
2195
3883
526
2327
2168
445
749
2285
2137
523
104
2853
2862
3856
3545
4672
3690
2280
1727
1614
553
3379
4864
1890
1588
4458
3861
2421
2413
321
4629
2576
777
4029
3807
4792
3841
1807
3976
31
2457
3231
1375
1193
3425
242
3555
1061
2677
121
3138
4558
2855
2038
1507
3395
680
559
2455
244
3599
2783
3197
2419
3823
79
2214
186
449
2203
111
1544
756
3973
2767
4034
1282
3566
1579
1195
1561
3081
320
1302
3734
2201
4004
4830
42
586
4246
980
4163
1761
3571
2630
1757
3698
3679
1466
2901
4371
612
3682
4613
4396
1760
2726
2446
2858
4409
3670
955
2222
4931
1859
220
3860
2618
671
2082
1286
2569
1231
928
3037
1268
2496
2573
4097
3847
903
4468
4313
2596
1144
2192
2197
3601
1912
3727
2240
2589
2119
2610
536
1184
4615
3889
93
2537
2813
1018
899
1142
950
4139
945
3181
422
1728
431
350
3113
2995
155
1992
1581
2530
3568
2361
1675
2294
2951
362
318
1211
3887
1432
3369
600
2316
4233
46
2504
2228
1988
2041
398
1504
4275
1779
1939
894
3845
2579
4902
3233
2582
677
4400
1679
2514
858
4639
2367
3022
690
1793
1712
3308
2375
1476
1464
4416
2620
386
2095
747
3648
3810
4968
499
4432
2219
2607
189
3381
2601
4631
793
3988
2158
2100
2506
140
1657
2977
1203
3459
3569
546
1232
2701
1612
241
3360
4763
679
2305
3817
2546
914
2623
2545
2024
1590
1038
2621
57
4920
2349
963
2890
4495
453
1244
1423
1754
2353
360
648
4299
3097
3347
926
3637
521
3876
1972
1218
1027
4696
1223
692
3541
1734
739
4387
3990
2190
2363
1973
580
4405
4913
11
856
4566
2312
3283
4800
338
4529
4546
3400
1526
2656
3969
4011
1314
1383
1388
1648
1719
1090
4421
3935
12
2209
1762
4391
2370
596
4914
1453
2385
4833
849
4666
4679
4516
3875
4303
176
1252
4834
1711
3649
470
120
4875
1351
977
2399
4638
106
3816
1767
3240
645
3748
1696
395
703
4460
1861
3407
4915
3619
1619
1043
2963
3616
1249
35
2590
4659
1359
1542
3465
279
1157
3107
1517
4557
2329
3729
2804
4194
3315
4722
2707
1624
4798
2662
3264
4893
3389
3074
2218
4079
2652
4238
3924
3951
327
3811
3165
2282
294
2031
2096
460
697
857
2170
2405
1781
566
2478
1084
4053
2980
4
1146
2864
2946
4169
1341
3750
2900
4463
1107
2981
3673
3849
4761
508
2013
426
4848
3430
3795
1346
3378
2613
2088
3166
4388
2301
1563
3949
4086
3486
4820
904
254
205
2976
2657
434
3971
774
447
4597
2825
2717
4151
3864
1999
4534
1019
4030
4867
4777
2799
1023
101
271
3075
2816
1730
2665
2461
4240
3709
2443
1117
1421
4133
3021
4465
1233
1306
3799
674
3332
1334
195
2870
4143
1724
695
3657
591
668
3868
1797
1437
138
3080
1945
768
4336
4869
3403
4369
3140
646
4435
2785
1123
2433
3083
1744
1753
2463
4260
2960
3659
2765
2236
3387
4549
644
3246
509
4680
3493
2432
1533
4515
4647
1882
3596
2969
2474
2099
3894
261
4462
613
4519
371
4608
1566
2212
1904
561
2159
3005
237
4539
61
4650
1106
832
4884
4739
4799
1990
1547
40
2746
810
4668
2347
212
1297
4274
4588
3248
1274
151
757
1071
4399
1210
4475
312
4632
4325
1907
4415
1639
3455
2891
4210
2472
2931
3970
4365
3526
1277
4190
822
813
71
4905
839
1342
1572
4270
982
3269
3901
3273
4938
4849
3778
3056
369
2597
502
1553
4521
2333
902
1454
4966
3917
837
736
2297
284
4410
4612
3327
357
3527
2440
3438
1422
420
4430
2997
2270
194
4871
1997
745
3206
4366
733
3048
3410
584
2633
2187
182
4673
333
607
1411
761
735
3796
1671
1808
3923
3928
3700
2081
3932
1377
454
1732
2910
968
1154
2235
3443
3666
737
4309
1402
2076
3127
816
2750
3922
2360
125
1660
3520
1825
2515
3236
4967
83
4302
3708
4818
638
1527
3737
4562
2942
4137
3905
1569
2425
342
3333
1832
3330
2574
4419
1098
1204
1794
2631
2829
4890
1946
2743
4429
1188
1662
229
834
1134
636
688
4071
4577
4865
3612
4487
2125
305
1425
3156
1573
4939
4545
1628
2895
4771
826
94
654
1355
4630
1058
3885
4772
430
1853
3120
3629
2114
3692
3297
3216
370
2654
3947
4090
1162
1101
4213
2444
1449
1099
1381
1710
925
2583
4073
4276
3033
595
285
3572
700
2632
3052
1741
1152
4724
4123
2381
3469
2374
2054
3205
248
2345
4032
967
3282
4655
116
85
4226
1100
1284
4332
41
4669
876
216
1901
196
1095
3294
4764
4003
2646
3285
1894
4135
3584
129
1627
917
172
2851
1248
1040
3155
2739
740
3158
4570
2884
2065
4412
1396
3144
3377
3985
4182
451
975
1641
1691
2330
4687
3000
4241
3419
4976
25
3536
2871
2132
379
3255
3475
4607
3717
2557
3912
4352
543
4859
1925
4165
4646
4642
2680
780
3291
1602
4599
4982
4831
915
4179
167
4752
4196
3769
1881
2354
335
2416
1202
3242
913
2179
109
3371
2772
2261
1593
87
90
3723
3835
4958
2747
3808
4185
96
900
3640
4921
2133
2831
3382
1873
1896
2023
4343
2693
3687
2166
3213
1829
4141
3686
3218
973
3550
2153
4994
4717
1261
714
3299
3966
3019
1230
2708
1851
811
1752
152
2859
4823
3535
477
81
1725
3428
2386
4046
1889
481
4449
3464
177
4236
366
2748
1456
3600
4212
4330
2045
3189
1688
2877
2113
2368
1735
4622
1666
2642
1160
1798
927
1370
4689
2107
1250
1940
4719
4441
4699
4807
1816
3655
572
2905
3832
4237
4947
3342
1387
4041
4342
415
3777
1659
993
266
2000
1339
3870
4358
4407
4081
1746
1022
2970
1629
2487
3668
2641
2320
2403
1272
47
3461
412
1768
3329
1145
4033
2638
1457
159
1395
643
1120
3489
4248
3212
2918
3557
1611
3669
4433
2410
4490
4189
3111
1557
1447
2651
2592
4530
2658
156
718
4842
2635
4816
2688
1950
1924
884
3986
1589
4745
4917
3576
181
1959
4361
233
2617
2234
3163
1243
1164
4007
3961
1410
1519
4012
3804
2156
3913
515
2571
1278
4408
2737
3367
1565
3874
224
1418
1682
670
3639
2773
1448
2122
830
905
4838
4912
462
1337
2239
1332
2059
2714
4980
1717
2391
1850
4031
392
1130
3116
4324
232
2868
4702
1892
964
891
163
4386
1591
3980
734
2022
2791
405
2933
4138
3039
2341
3211
2577
1441
3762
1514
2237
4229
1539
3834
419
3975
3017
3015
704
456
157
4535
2760
1254
2027
4118
1114
4424
2278
4754
2729
2887
2408
198
4164
1192
3423
2315
4488
2661
3029
3274
4425
169
1874
726
3953
4328
1220
4503
4452
4267
2689
4370
1770
862
1842
2628
4505
2303
500
4353
4960
2961
2002
4455
4695
130
4908
3821
585
3523
4941
2696
114
2392
618
4136
1074
2872
3370
354
2257
2492
2936
1307
3296
4392
4969
2686
3789
27
1020
4897
4787
2676
1604
1214
548
2957
441
3429
2241
356
3559
1976
334
3115
965
3318
3310
3528
4839
127
2469
2648
4271
2431
4251
4344
3135
4384
4280
4790
1012
2459
762
225
4819
2698
869
1141
4814
1520
4721
2292
1654
2162
999
4120
3609
979
1246
1967
4235
3153
1039
3193
4398
3500
3516
3964
2903
309
1172
3602
1777
2882
827
1878
3474
1116
3824
1226
4087
660
4919
2604
998
4372
3357
4773
1065
2090
1786
2483
56
4635
3893
49
1343
3714
1345
1838
4492
4697
4009
37
2415
2971
2493
1452
4305
4582
1416
2663
520
2216
3730
3088
70
4493
4623
2968
1111
4269
3304
2001
2547
685
2066
1834
4266
411
2973
4713
2697
662
4903
3150
1915
4427
2412
1961
448
2949
2134
4520
3391
4690
4511
1404
3386
160
796
806
2578
818
4112
1875
4821
4454
4395
2888
1180
2702
3178
550
3638
1981
336
246
1347
664
1726
3041
341
15
3234
1485
3967
4381
3185
486
1733
3399
1693
3533
608
1221
4643
1113
2453
686
3843
491
3921
2669
3363
2220
1558
2388
3872
1606
4340
3782
218
4146
2286
3999
4929
3791
328
2124
3915
2782
1380
2243
2752
2985
4149
485
4484
3072
4624
1729
4183
2253
3590
3477
4789
3974
193
2835
759
3364
3952
2883
4900
2842
665
958
2434
329
4228
4933
3226
126
1835
3344
3805
885
136
112
1136
1592
3634
1313
73
2026
1578
1718
699
2225
3105
2260
68
1403
1585
2716
3994
4708
4281
658
3235
2335
4962
4453
2079
552
2798
4832
4057
3543
1546
2295
1656
480
970
1082
725
4315
2139
355
4604
4502
3881
4471
1445
72
2982
3288
1455
1305
2668
2402
4061
2800
1298
1010
4709
2548
3421
178
2867
4476
433
1196
4285
538
4785
4733
4062
3598
3880
649
3093
3152
2754
3587
4178
562
4359
2163
1669
108
2892
1667
1045
650
4883
3405
3617
3331
1428
3086
4614
1047
4253
385
3624
2030
1024
3879
117
3954
1228
1391
4127
2205
1722
3227
589
1008
828
2542
2468
3263
845
4131
2401
144
3650
4730
764
3786
3794
3683
4924
2685
4759
145
991
1181
1911
1413
234
97
1165
1273
4401
1360
3591
4971
2177
791
763
3174
3085
3978
4810
895
981
784
3196
3143
2332
3079
1021
3484
3942
3838
568
840
3409
3652
2885
3741
1652
2999
1670
3082
890
3427
2907
3558
929
4320
1212
4911
4769
4854
9
208
1548
3611
4731
20
128
1692
4222
4272
29
3311
3354
1948
1318
4121
2029
32
1190
4885
4845
962
4202
4040
807
1805
1863
1947
3621
1011
2441
1554
2622
1646
4481
2121
1340
1179
829
1256
1280
313
3463
4017
3190
4593
4107
105
2058
1737
1433
2769
4767
3356
2448
3514
579
875
4581
3414
2230
2998
3497
3907
1373
308
886
316
1267
2307
3112
3239
2930
3446
1916
1070
2105
471
1888
3746
1338
2644
1830
2945
4451
4162
3519
3117
311
1843
1510
627
2343
1310
912
2817
1170
1957
2564
3938
2008
3324
628
682
1344
1783
4377
2188
3183
487
4327
831
2902
2062
2857
2470
3890
2886
206
69
1983
3151
1378
4501
678
243
3982
4380
2932
484
687
45
401
814
647
3606
1747
2254
4992
295
3815
1035
3070
3119
4403
1790
4456
2186
55
4218
432
2529
742
4221
656
2025
272
1072
2838
983
1852
3772
3286
1637
1251
1118
458
1949
889
3020
865
4394
3045
2150
1177
1513
4479
4368
3478
3472
4808
4161
2396
2423
1028
4815
3362
1311
2313
1290
2281
4175
4376
1922
4125
1600
103
226
971
1494
4618
4658
1176
4951
2477
2893
340
2135
4918
597
1952
2491
59
4662
2699
339
3289
637
2553
4888
3025
317
2500
3878
4825
3060
2328
2339
4103
601
1584
3530
2904
923
3252
565
440
2077
3307
947
3505
1287
463
1275
1174
3035
1015
1430
3180
3676
1285
1124
3480
3604
3595
851
4298
2962
4811
191
4692
4953
50
4813
1263
1501
1932
4287
1934
878
124
711
4610
1438
351
429
3731
1073
1620
1361
3229
4284
63
2495
4114
3201
2178
683
2580
2636
953
2359
62
4239
3230
1443
2233
524
3172
4846
3503
2264
1702
4671
4088
879
3148
2365
1987
751
1468
3903
2051
3450
614
4356
1460
1059
4946
3866
2690
3934
1426
3589
634
800
280
4010
3223
3012
1713
1492
3194
4937
1076
180
4322
2161
2811
2152
3261
4619
6
4726
1294
2916
2819
4762
3685
2984
667
1684
3203
2687
4050
1265
2879
4282
1663
4200
2639
2766
4021
2796
2283
2678
4979
1458
534
185
2966
450
743
349
3169
2570
2336
4140
4870
1148
1030
4738
897
4273
1699
4802
3507
388
1055
969
2364
421
3103
755
4880
347
2346
4457
2703
3007
1502
2749
2784
4124
2994
494
1049
3490
4674
2104
3184
4499
817
3784
1759
1122
390
838
2202
4304
469
2860
4055
2206
4683
850
1595
3350
302
2674
270
3066
3833
3457
1323
3998
2611
1930
3047
3365
1296
4601
4278
2117
1884
3004
3797
625
4649
1037
2436
767
3718
3886
530
4417
4907
4093
3106
4129
3417
2988
1582
1516
376
4633
2087
3644
3726
2986
620
4700
293
1549
2525
2561
2758
3217
2321
131
48
3610
1394
4104
1014
1386
217
2794
4482
4066
2028
588
4637
301
3830
2086
3956
3608
786
1867
2759
651
3043
1409
990
2232
211
3736
4242
3911
1883
1262
1194
1013
539
820
2964
3814
908
3506
1899
4375
2207
4469
4693
4070
2438
4013
187
1372
1615
3549
3101
3664
1975
4795
2939
4889
3749
4661
1933
3537
1094
4989
4510
2671
3476
3440
154
3803
771
2185
297
1638
603
3096
1135
987
5
2809
2471
4263
3130
2802
1143
3237
1108
2526
2
3348
2350
4509
3632
1980
517
1755
2071
1241
95
4863
1498
3445
3688
3317
3888
4904
2322
866
4216
1056
4445
4984
4678
394
3908
3760
4092
86
3292
3564
1928
2173
2098
184
1139
1077
4934
276
3689
2017
179
1871
772
1918
2608
3531
4208
2127
3509
3704
4480
1497
4627
1506
2439
4026
2509
2362
4954
2876
4339
4589
3615
1782
4385
4723
4205
2634
4986
3575
1977
4600
188
707
3123
1390
2148
3703
4595
2774
3665
2741
1532
2004
4318
1766
267
43
1785
4776
3439
1941
3065
1183
1634
582
337
3764
823
1239
1594
3016
213
1442
574
3338
2352
475
3515
3254
2728
984
2941
3078
4857
2595
98
3001
4735
3049
2922
3328
0
1942
4091
4742
4254
383
3585
4782
1159
2549
3024
1708
2252
1238
691
4974
4564
1048
2967
4554
3941
1633
4059
2227
606
571
2789
3936
602
3512
861
3783
3058
4997
1632
3494
51
4868
3529
3182
3544
4910
4115
467
2181
424
732
122
3383
701
4548
4737
4402
4685
3458
4418
343
3385
245
2952
1103
490
3752
4508
2075
3114
1552
227
3470
3958
3433
4470
1408
4360
2503
3018
1474
728
2231
4809
1694
4926
2130
2929
2112
1824
1844
3420
622
3767
365
1938
1564
4892
3940
423
4940
352
2314
4295
4641
938
1309
2479
3444
2753
1709
2710
2435
1535
1963
1995
729
299
1769
1229
58
578
1041
1550
4334
4277
1473
1493
4184
1406
2566
1876
2624
2450
1707
281
921
2373
2660
3467
4188
789
976
4609
404
3449
1465
3630
4753
684
604
3372
3744
2091
2820
3089
1848
1690
474
2427
4171
2715
2078
1695
1496
1475
3850
161
3067
1440
1773
2692
2331
1348
282
4766
4126
1673
277
2736
2194
1792
2531
3287
2502
1756
4584
3355
633
4583
2955
173
3134
3573
2917
2956
2541
2880
1982
2271
4279
255
4477
2524
4155
4514
2538
960
4015
2021
4977
1803
1156
4483
2719
4383
1780
146
4265
2074
4732
631
1240
556
3813
1880
1486
2273
4996
324
3177
2089
713
2830
944
4961
443
3642
2950
4718
1772
4727
4878
1270
2497
7
2200
3812
3771
708
141
4192
760
4513
4617
3525
403
4975
4232
996
797
974
1697
4312
410
3413
3561
3
1115
3492
148
4573
3532
2735
1057
4788
1551
1304
2246
4389
231
2991
3030
402
3496
1382
2780
3451
3753
2533
3929
4264
2085
1854
2169
1363
2032
992
2649
3431
943
26
2084
2843
2204
2712
4168
442
2869
406
30
2705
1555
854
3592
1435
2142
1489
4626
2518
940
3546
1017
3761
554
4230
380
2337
672
416
853
60
3551
3867
1009
4602
3091
1161
4652
2050
2588
4694
4827
1583
4231
2797
3898
852
2111
1580
435
3336
1326
2563
4559
2953
2344
3126
1613
113
1621
3766
3349
363
3302
2143
1630
4119
931
3032
3341
1559
3858
4524
2047
2586
265
4866
551
1269
4176
3755
346
1954
1788
698
920
748
1774
3340
892
1488
2756
2486
2464
4877
253
3787
3891
2052
149
652
2691
3454
3442
3013
4335
985
2136
1906
1817
2420
3495
1132
1080
4099
4110
776
384
2229
577
2629
2325
642
4686
3094
4379
2539
1739
4874
3662
2180
4651
2762
4743
746
3028
4886
3597
4853
3641
3524
2627
1450
870
1415
1836
4645
2318
2940
919
3071
2167
1677
4223
3241
3836
1197
4467
3485
3757
4928
3631
2424
506
3678
3579
461
3562
4676
3468
2053
3916
3563
4580
1857
345
3374
3228
1537
954
1331
2284
2182
3388
1903
4206
3393
1831
3997
1524
2721
4949
2447
4634
100
758
3471
3800
4045
2356
1110
3482
2473
4351
4258
710
1353
821
4362
888
4985
3352
1201
2109
4959
1818
1308
835
3801
1007
1016
1902
2666
76
803
4018
3170
4314
547
3902
2675
2947
1643
1288
1689
531
4338
2304
158
3491
3914
3622
1943
3897
4925
3636
19
3583
833
3434
2818
3869
2764
4882
3064
3877
1064
3848
4663
795
2342
4215
1376
1743
2437
1577
1676
3124
3225
4691
1740
1887
2745
3368
4561
2733
4922
3759
4523
4586
4537
1138
2720
2238
2558
3277
769
1576
1062
1636
1685
4636
4259
630
4518
2251
306
4038
1480
1316
529
3547
2070
779
778
3979
1369
1397
2020
2057
1063
1198
815
2223
516
4337
2920
3720
166
3068
1900
1647
4341
1935
2725
2744
2035
2120
3250
2404
3171
439
4587
3728
2010
2003
4349
1367
2874
2824
3077
4209
1965
38
2259
291
3996
2272
1175
4575
805
3247
3131
663
3802
3981
353
1412
119
446
3765
1556
2393
259
1974
24
3384
3249
2837
4255
719
1303
4431
1849
4319
587
4952
4198
4948
1571
2540
3290
1322
2055
4423
2128
2801
4744
617
1217
2535
4197
4293
4056
2306
4310
3884
2384
4311
3656
4447
1392
1349
1979
4174
2300
2906
1909
2390
4716
4243
2061
3149
4098
4956
1910
4684
2018
616
1966
4294
2757
3711
626
4333
2600
2490
4876
4955
1955
3854
3192
2532
2751
2734
3773
3747
824
1199
2827
3098
1295
1215
2873
3763
942
1626
2792
1420
2340
1625
874
4740
1495
4544
197
3510
1087
2878
2034
1960
4677
4987
142
2072
4567
1004
289
1419
1067
2943
615
2430
1810
1858
934
2848
3208
1078
867
4541
3620
4698
4117
2060
3128
4611
1356
4068
2534
3725
1622
3280
1926
4860
2189
4247
3508
2291
3950
4616
214
2097
877
296
2019
1828
1814
3910
1608
1479
3063
1264
2326
4049
1837
2965
4052
583
4446
2126
2289
3681
2552
1607
1371
4983
310
4054
459
4542
1312
1515
4443
1213
2151
4988
1259
2528
863
676
495
4486
4076
1079
4191
1512
2810
2814
1750
221
4972
3023
473
522
4297
4806
1742
911
3481
3343
236
174
2118
598
1003
3633
274
4027
2614
868
1597
2184
4563
110
1809
2482
3798
2653
4707
1812
4898
4605
3776
4461
1534
1789
2828
3957
3351
3319
859
3118
102
3498
1092
2551
1833
2575
3404
2987
3139
2275
936
1609
2516
972
624
629
269
417
2815
2407
150
1336
1951
659
2221
1823
1919
3268
4308
641
3756
4856
4448
4466
4321
3487
3042
1749
2011
1429
1796
1208
3160
3919
2914
605
382
3424
1461
4551
132
4166
4506
2670
4847
455
557
3732
563
1137
702
2850
3220
2572
2043
2394
10
1897
3099
3162
4199
4760
2164
2898
1795
2921
4862
4681
3447
4437
3635
387
2847
3613
4734
2723
3300
1800
2141
4603
359
1362
1247
848
2585
4592
4540
790
1968
2224
1731
4268
1031
4879
2543
3695
2865
3309
1575
1822
4350
2704
268
1293
2263
2594
2584
3095
4044
2277
2924
4096
3521
1385
3270
910
1207
2154
3983
4741
3050
1147
1299
4736
3944
1891
3084
882
1964
397
3245
13
2266
3671
3560
3904
907
2138
4063
2894
2400
1224
1168
2255
91
3358
4531
2958
3738
1315
2064
134
544
2808
2812
4526
3770
4195
4217
3513
1665
1002
1105
4414
3745
1991
391
3323
4108
880
4990
171
1499
2683
909
228
3645
2927
4450
4536
1879
1324
2619
1470
4978
1434
2706
4156
2115
2144
1291
4747
4289
2258
4290
4028
4111
4675
575
162
4945
4306
175
4750
165
1153
230
4826
754
4367
1856
2183
2787
1683
375
4970
1764
2196
2338
4712
1481
3603
3820
273
4598
3739
1635
3057
4665
3132
498
3036
2006
3346
4051
4835
298
17
1366
44
2640
783
541
1937
4019
3701
80
3054
843
2793
2106
4043
3209
3161
4390
1996
1541
2355
3554
4571
3607
1053
4891
1791
2849
2508
3462
4801
4556
1865
3674
2056
3581
364
2063
1133
3375
3788
514
4404
2786
457
4704
576
2460
3031
2248
1668
4794
4069
533
2983
1500
3359
1827
1898
1178
3667
3754
492
4768
2587
2319
4478
2896
3846
4927
170
1686
1
4060
2626
3857
3396
3680
773
54
3416
4172
2770
3719
3691
4916
303
1205
4001
4861
997
744
240
4778
3215
3733
2481
1155
3175
2731
3408
3855
2382
2279
3326
2972
2217
3984
1993
4286
2599
4899
3623
1271
2428
3100
348
250
2841
2667
3663
2795
2664
4664
3552
374
675
1650
948
4711
564
1253
2562
4644
3965
782
3693
753
3499
2655
3580
4491
3006
2475
4128
825
207
1317
4894
3243
2522
1642
1698
393
2775
2160
3136
203
4147
1384
4177
525
4329
4793
2249
2836
3722
1631
2131
3479
2465
4781
2244
1771
2147
4964
1083
986
2039
4714
809
3186
1258
4485
2348
215
3257
2298
2108
3253
4873
860
1920
1368
204
1439
3275
841
1236
3027
4896
3842
1738
2911
3460
3565
4249
74
2554
4872
3059
1200
4525
4047
2805
1068
373
1325
4620
4065
2476
2094
4436
1528
507
235
3125
512
4569
3742
592
2821
3380
3422
278
1158
2383
414
262
2844
2093
1511
4130
941
1748
219
1985
4158
3046
1562
1872
4426
2833
3865
2612
2451
1801
611
28
3110
4214
750
2845
4301
2881
400
143
3831
956
3653
1472
1921
325
1886
3260
1032
4440
1379
2925
3852
3827
4779
504
4393
1523
3574
873
3316
1467
4784
855
2742
1649
1703
2527
3159
4780
4844
1998
2713
3517
1044
2449
4829
1131
2679
2550
3793
3154
4532
933
4008
2247
4211
4434
3305
4101
323
3960
3892
3539
3658
258
3146
503
2442
1845
4507
3578
1081
4667
3271
2681
4999
2310
4331
3553
4805
1804
1444
689
898
1330
1085
2309
3995
3168
2191
549
2519
1720
1970
2226
1102
4936
1222
1567
4858
4024
2761
1522
3256
1601
4817
3167
260
4459
3712
3839
594
2790
959
3851
716
864
1119
994
4406
946
2044
1586
721
4150
4203
2265
4591
1227
4550
427
1860
4628
4411
300
3122
168
1775
4261
2565
3272
4442
1570
4016
935
1424
1255
1538
3625
995
2323
4998
399
1189
2603
139
4144
3959
1969
1128
4751
4729
801
1033
2724
4167
3164
67
4397
1374
4756
1401
2934
2429
3806
2908
292
1319
1163
2398
657
1289
2458
4444
2040
82
2146
3448
621
88
3104
673
1186
1350
2781
3437
3618
1914
84
4804
918
4512
3121
99
2198
3267
4148
3740
4382
2559
3087
2605
1758
452
4720
785
4596
4292
4234
3432
425
2568
3758
4020
1260
4048
4089
519
2123
3279
661
787
1046
1328
1245
222
3899
4498
53
4840
3605
2494
1984
1929
3501
4560
2935
1599
314
2861
1462
635
3882
3406
4094
372
1279
4538
2556
4748
3593
3705
4543
4042
286
1451
3570
4682
3837
842
738
4428
4288
2033
2311
2989
1978
2067
3775
3768
496
2250
2740
2523
2092
3200
3626
799
717
2806
89
2659
4887
619
1482
4160
1664
706
3453
1953
1333
2049
893
4025
2357
4357
3397
655
4855
2598
3361
4036
3909
3108
4494
1006
2684
3202
389
752
731
438
2694
4075
4014
1680
2643
2912
3488
501
2379
2016
2165
3401
1025
794
3129
3392
720
4579
2369
570
1505
2979
4100
2616
2948
2673
3614
1096
4852
33
1487
1075
4159
4347
3373
1005
2866
3660
1182
1169
4705
4317
3925
3366
1618
3452
1266
1320
2288
2395
2467
2445
989
1672
3306
44 4992
0 13
4 29
4 12
0 5
