489 467 254
345
296
331
277
467
347
422
305
325
311
304
366
474
320
334
330
389
308
272
293
316
338
412
418
371
302
417
380
433
414
280
343
397
332
392
415
259
475
326
258
454
271
307
428
452
341
202
246
188
167
83
165
224
237
175
170
42
77
219
121
186
238
9
15
112
54
365
310
440
445
437
484
263
157
156
47
140
66
5
102
65
190
159
43
98
45
250
14
183
113
253
223
161
72
123
35
12
164
100
163
234
106
103
229
128
179
52
473
431
264
386
329
436
469
363
306
409
468
438
404
427
239
93
168
226
141
134
158
218
107
122
31
38
182
252
180
148
193
68
84
18
245
64
17
88
233
41
204
32
97
24
48
201
402
333
460
401
303
351
390
265
273
312
350
349
384
432
297
466
261
95
3
33
197
191
135
150
200
36
1
133
125
131
169
242
50
56
28
143
126
231
166
244
207
235
206
189
105
225
176
22
4
120
328
376
362
274
391
367
388
377
357
284
291
314
487
292
443
446
369
29
114
19
247
212
6
249
139
37
51
220
57
30
195
67
104
21
248
138
49
55
117
109
16
59
213
63
228
146
101
192
94
353
488
465
364
461
463
299
451
372
470
260
172
91
216
10
162
211
198
173
240
86
144
196
214
87
137
108
119
53
215
7
92
178
210
111
154
243
171
71
25
194
127
160
124
199
379
282
368
373
400
319
480
485
405
382
396
279
385
411
393
294
421
430
434
336
429
266
298
447
395
476
361
426
482
370
457
337
285
323
435
301
450
288
322
471
348
419
342
486
289
394
339
324
453
352
403
318
378
399
321
275
317
359
424
152
129
58
8
208
147
149
174
23
96
251
184
309
478
481
374
413
356
232
203
99
75
221
222
79
132
27
151
89
227
80
74
81
185
142
26
82
40
60
177
116
2
236
85
187
39
20
217
44
61
209
110
34
115
62
241
13
145
153
11
477
269
444
255
381
335
462
344
479
398
287
270
442
256
327
472
441
455
423
346
360
300
449
358
276
340
355
354
257
78
205
90
70
0
118
155
46
69
76
230
136
181
73
130
458
410
439
313
456
425
262
408
448
406
278
416
281
375
464
383
407
459
420
268
387
267
283
483
295
315
286
290
392 393
276 277
27 28
53 54
357 358
356 357
356 357
12 14
50 51
50 51
49 50
466 467
440 441
439 440
269 270
437 438
437 438
437 438
23 24
460 462
48 49
47 48
46 47
45 46
44 45
44 45
456 457
44 45
457 458
456 457
219 220
380 381
380 381
380 381
379 380
379 380
44 45
44 45
369 370
17 18
77 78
77 78
76 77
43 44
435 437
435 437
211 212
414 415
433 434
43 44
43 44
43 44
42 43
70 71
69 70
69 70
424 425
14 15
19 20
243 244
242 243
19 20
9 10
15 16
4 5
4 6
34 35
148 149
147 148
192 193
192 193
2 3
1 2
0 4
305 306
305 306
305 306
304 305
303 304
302 303
302 303
302 303
302 303
53 54
53 54
53 54
53 54
52 53
51 52
50 51
50 51
49 50
48 49
47 48
47 48
46 47
45 46
44 45
43 44
42 43
42 43
41 42
40 41
39 40
38 39
354 355
354 355
353 354
353 354
353 354
353 354
352 353
310 311
309 310
304 305
303 304
303 304
303 304
303 304
302 303
301 302
300 301
299 300
298 299
297 298
354 355
38 39
37 38
36 37
36 37
35 36
35 36
35 36
34 35
34 35
33 34
33 34
33 34
33 34
32 33
32 33
32 33
31 32
30 31
29 30
100 101
99 100
99 100
98 99
98 99
97 98
96 97
95 96
95 96
95 96
94 95
94 95
94 95
93 94
92 93
92 93
92 93
260 262
259 260
258 259
258 259
258 259
257 258
257 258
27 28
5 7
291 292
290 291
254 255
254 255
253 254
253 254
252 253
252 253
252 253
251 252
250 251
249 250
248 249
247 248
247 248
247 248
247 248
247 248
246 247
245 246
245 246
245 246
245 246
244 245
244 245
244 245
244 245
243 244
242 243
241 243
241 242
241 242
241 242
240 241
239 240
239 240
239 240
239 240
238 239
238 239
237 238
237 238
236 237
236 237
235 236
235 236
234 235
233 234
232 233
231 232
230 231
230 231
230 231
229 230
229 230
228 229
227 228
226 227
225 226
225 226
225 226
224 225
223 224
222 223
221 222
3 5
3 5
1 3
0 1
219 220
219 220
218 219
217 218
216 217
215 216
214 215
213 214
213 214
212 213
211 212
211 212
211 212
210 211
209 210
208 209
207 208
206 207
205 206
204 205
204 205
204 205
204 205
203 204
202 203
202 203
157 158
157 158
157 158
156 157
155 156
38 39
37 38
37 38
37 38
36 37
35 36
35 36
34 35
34 35
34 35
33 34
32 33
32 33
31 32
31 32
31 32
31 32
30 31
30 31
30 31
30 31
30 31
30 31
30 31
29 30
28 29
27 28
27 28
27 28
26 27
26 27
26 27
25 26
25 26
25 26
25 26
25 26
25 26
24 25
23 24
23 24
22 23
112 113
112 113
112 113
111 112
111 112
110 111
109 110
109 110
109 110
109 110
109 110
109 110
108 109
108 109
108 109
107 108
106 107
105 106
105 106
104 105
104 105
103 104
103 104
103 104
103 104
102 103
102 103
102 103
102 103
101 102
101 102
101 102
101 102
100 101
100 101
100 101
100 101
100 101
99 100
76 77
76 77
75 76
75 76
75 76
75 76
75 76
74 75
73 74
72 73
72 73
71 72
71 72
70 71
69 70
69 70
68 69
67 68
67 68
67 68
67 68
67 68
66 67
65 66
65 66
65 66
64 65
64 65
63 64
62 63
62 63
62 63
61 62
60 61
59 60
58 59
57 58
57 58
40 41
40 41
39 40
38 39
38 39
37 38
37 38
37 38
36 37
36 37
35 36
34 35
34 35
33 34
32 33
32 33
32 33
32 33
31 32
31 32
30 31
29 30
29 30
28 29
28 29
27 28
27 28
27 28
27 28
27 28
26 27
25 26
24 25
23 24
22 24
21 22
21 22
20 21
20 21
19 21
18 19
17 18
17 18
17 18
17 18
16 17
16 17
15 16
14 15
14 15
14 15
14 15
14 15
13 14
13 14
13 14
13 14
12 13
11 12
11 12
10 11
10 11
10 11
9 10
8 9
8 9
8 9
7 8
7 8
7 8
7 8
6 7
5 6
4 5
4 6
1 4
0 3
