5000 4810 1435
3243
3877
3701
3142
3381
3876
2500
2070
2916
4078
4177
4170
1697
3655
4634
2816
4565
1625
4150
3887
4519
1988
4784
1518
2465
4111
3535
4891
1473
3348
1897
1701
4106
1514
4242
4366
2639
3855
4547
2248
2581
1973
1936
2062
4740
4469
4890
2756
3440
3046
2827
2473
4811
1718
3813
3731
1843
3127
1454
3207
2615
2590
4594
4441
2171
3510
2993
2245
1924
2337
2210
2520
1749
4957
4005
2920
3943
4206
1911
3406
2044
2818
2571
2691
2624
3795
2567
3796
4622
1844
4248
1859
3233
3964
4153
2997
3361
1992
3864
1490
2024
1485
3573
2192
2054
1827
1671
4329
2167
3681
3123
3720
2684
1736
3517
2536
1660
1622
2753
2122
4654
1771
2444
2012
2583
2018
3944
1872
2851
3314
1493
3291
2185
4639
3354
4000
4245
1794
3451
4703
4429
2498
4598
3912
2611
2202
3821
2555
2234
4055
4194
1672
3479
2515
2518
4048
3145
3537
4938
3156
4499
2072
2822
2786
4021
3134
4609
2960
2068
3752
2051
3921
4039
3816
4081
3154
4255
4510
2915
4275
1636
3169
4877
1581
2986
2300
3747
1564
4452
2038
4676
2506
2540
4813
3811
4352
4345
2678
4490
4638
3229
4197
3989
3808
2833
4385
3272
2710
4241
3913
2494
4091
3536
1557
3505
4389
3869
1852
3825
1526
2292
3835
1829
1686
3045
4260
1896
3965
3106
1974
3280
3927
3096
1928
4885
4903
2998
3091
1476
2602
1640
1614
2643
1702
4845
2608
4169
2137
2201
2395
4364
3049
3332
4404
3603
1961
3670
4996
1665
1638
1452
4817
3754
3403
3274
1938
4304
2738
4219
4564
2892
2867
4815
3052
1949
3952
3193
2928
1917
2047
4790
4398
1700
2521
1945
3977
3070
4144
4448
3424
4274
3763
2794
4113
3395
3370
1986
3900
1548
3658
2031
2889
2995
4368
3589
3152
2682
2951
2912
2159
1738
4753
3540
4951
3486
3547
1438
4447
2696
3916
4624
4932
2771
4156
4678
1516
2957
3183
2212
4902
3884
1873
2503
2740
2430
3586
4306
3200
3881
4185
3063
4090
2826
4855
2857
4583
3513
4401
3633
3202
3857
4221
3136
4518
2346
4433
4795
2905
2559
1471
2053
4960
2656
3317
3971
3593
3441
2852
3450
3498
2671
4322
3955
3613
2990
2633
1868
2586
1877
2505
2804
4848
2706
3544
3411
4690
2157
2496
1959
2343
2631
3562
3300
4629
2052
3693
1508
2903
2930
3793
3694
4036
2265
3732
3018
4013
1527
2308
3425
4578
2403
3475
2385
4127
2604
2614
1725
1876
4585
1722
3743
2796
2522
4985
4517
1693
3702
3454
4908
4702
4119
2080
4004
3079
3703
4794
3087
3669
3255
3374
3748
4749
4987
3034
4372
3423
4365
3333
4353
2772
3784
3209
4580
2132
3858
4482
2922
2244
2321
1565
1575
4070
2781
4986
4825
1834
4250
3933
2085
4599
2345
2323
2197
4225
3597
3810
2508
3149
4100
2729
3458
1556
2091
2569
2065
3683
3205
2272
3044
1603
4577
4944
1645
3025
3990
4826
1505
2359
1705
2955
2209
2150
3715
2840
2101
2016
2460
2551
4215
3014
4405
2477
2924
1813
4244
1637
2724
3035
1544
1888
1538
2309
4925
4155
4562
4615
2151
1984
3756
3621
2897
4399
4199
2872
4694
2592
1867
3082
3699
3612
3599
1532
3922
2994
3829
3000
1893
3650
2694
2888
3705
2644
2806
3960
4567
4073
1926
4858
2152
4240
1502
3800
3339
4265
4545
4536
2588
4861
2173
2373
3767
4376
2438
4554
2584
2030
2945
2105
4884
1550
3979
3899
3254
3823
3338
3109
4988
3918
4945
2035
3315
2066
3789
4852
4020
2377
1644
3966
2904
1673
1820
4952
4874
2896
1775
2360
4267
3442
2389
3433
3572
4166
4992
1985
3024
4318
1586
1805
4325
4068
1523
3972
4340
3364
4071
2809
2281
2407
4480
4202
2357
4171
2663
4722
1711
3260
3065
2307
4682
1869
4432
4141
3437
2660
3591
1837
4093
4361
1515
3861
2427
3764
1484
4681
3688
3711
3841
2838
2844
4997
2974
3554
3783
3583
4332
4354
2745
4866
3679
4099
4589
3539
3086
1437
1800
3387
4400
2976
2250
2470
2239
3722
2975
1724
1720
4074
1561
2879
4096
3028
3397
3030
2585
4709
3275
3716
3888
4822
3489
4879
4502
3494
4674
2538
4363
2550
3953
3421
3721
3866
4924
4844
2813
2669
2450
2774
2711
1530
4959
2484
3447
3516
4730
2693
1628
4720
3684
4857
4955
4137
4710
4476
2842
4946
4691
1940
2488
4748
3312
3826
4479
1919
1745
4086
4535
3924
3126
1522
1954
3530
2251
2874
3993
4738
3375
1751
1460
4443
3324
3098
4869
2646
4369
4750
3276
1778
3259
4737
4157
2901
3775
4019
1729
3304
1566
1497
2989
2834
3819
4295
3221
2485
1962
3080
4843
2982
4549
2961
2042
2803
2759
3527
2247
4151
3392
1874
4718
3476
2899
3195
4633
3646
2552
3132
2825
4781
2139
1849
2097
1979
1692
2773
2252
1944
1642
3057
2094
4321
3227
1889
4514
4162
3565
1498
2618
3471
2021
3770
4533
2731
2459
3849
3320
4657
3765
2231
1792
3036
2374
3457
2943
4230
2299
3951
2580
1956
3886
3832
3499
2075
2601
3590
3798
4933
4088
2722
2893
2659
3872
2883
2078
4462
3514
4595
3089
4962
2971
2002
1439
1990
2392
3723
4419
4107
2183
3862
2931
1841
2876
3846
2560
3105
2348
3213
2254
1590
3817
3137
1444
3799
3335
1942
2017
2013
4888
4640
3469
4546
2573
4291
1717
2887
1661
4406
2168
4860
3319
4655
3526
3882
3355
2700
4175
1819
2258
4383
3369
1533
4763
2223
4425
4699
3347
4837
3208
3996
2613
2546
2390
2640
4662
1529
3363
3249
4926
2489
1436
4424
1957
2443
3385
2554
4899
1958
3131
4544
3147
2805
3749
4084
4612
2863
2436
4188
2148
3185
4917
2466
4677
2270
3429
2537
4101
4742
4814
2802
2811
3282
3982
2367
1684
2939
3542
1773
2576
3908
4803
3594
4317
3051
1583
1750
2263
1806
4576
3626
1551
4082
3001
2973
2487
3061
1814
1975
4138
4335
4067
4115
4327
2687
3845
1821
1871
2815
2574
3999
1870
1674
1597
2287
1520
3285
2032
1475
1449
3412
4288
4905
3401
3177
4484
3606
2071
4970
3644
4114
1914
2980
4522
3182
4422
2295
3064
2881
2869
4832
2406
4839
3700
2230
4715
2355
2238
3649
3967
4213
3521
1570
4766
4597
4846
3667
2926
4486
4373
2723
2531
1474
3970
3302
4596
2977
4823
1609
1681
3155
3757
2829
2936
4025
3625
4977
2987
3141
2324
4797
4203
2225
2380
4128
2970
4408
1847
2063
3491
3093
2620
2113
1769
2216
2720
2274
4460
4135
3801
3676
2227
3058
4632
1920
1981
3515
3303
4498
1925
2541
4974
3297
2119
3027
4351
2449
3941
1657
2176
1689
1499
2952
3947
3787
3289
1857
4701
4516
3316
1646
1758
2039
2824
3917
4204
3907
3753
2204
2967
4659
3714
1865
4468
4459
2116
1510
4542
1845
2677
4444
4118
2542
3090
4973
2455
4607
1892
4333
1545
1616
4618
2730
1683
1796
1726
2628
3377
3712
2486
2014
2415
3903
2483
3283
1790
4054
3807
4207
2582
2180
4300
3296
3686
2356
3390
1563
4472
3859
2143
3868
3074
2690
2621
3143
4616
4257
3520
1735
3150
3077
4786
3267
3634
1707
4849
2130
1741
3939
2562
1879
3201
2568
4037
3512
3758
2279
2626
3618
3842
2523
1599
2226
3196
3831
2093
2847
4751
1915
4161
1783
4226
2676
4954
4966
1695
4619
2910
4259
4842
2894
3950
2213
3040
4537
1964
4807
4806
4967
2273
2203
4129
1562
4475
1898
2076
4449
4584
2163
4983
4320
1895
3557
2868
1935
1650
3148
3662
3577
4922
2984
2528
3344
3456
4095
1582
4950
2519
3576
2597
2527
3704
1952
1624
3509
3023
3100
3060
4668
3435
4834
4591
2454
4251
4235
2650
4928
2898
2103
3567
2497
4105
4887
2736
4256
3665
2190
4402
3672
2352
3790
4991
2293
1572
3373
3915
2793
2401
4270
4035
4805
4126
3459
3809
2685
2236
4831
4442
3719
1576
1461
3568
3015
1824
1465
3932
3138
3384
3099
1455
3605
1648
3638
1816
2144
4700
3230
4560
2296
3261
1882
3085
2074
2207
2320
4804
3663
2399
2154
4416
4833
1989
4501
2268
4810
2388
1587
2447
1742
3843
2932
3292
4494
2750
4642
1507
3422
2452
4912
2073
4606
4029
3223
2880
2266
1823
2983
4836
2302
3247
2420
4995
2424
3525
3279
3310
4570
1831
4871
1918
1654
3822
3078
2726
4850
4357
4097
4159
1854
4559
3428
2658
2791
1491
3570
3075
1457
3946
2780
3343
3047
2865
3742
4734
2003
1732
4875
3680
2479
2169
2235
4540
2036
2854
3125
4590
2836
2301
4820
4520
3426
3840
4495
4972
1708
2849
4788
3873
4793
2131
3415
2402
3226
4745
2764
3925
2170
3490
3453
4038
2739
3860
2339
3673
3545
1774
1856
2944
2917
1547
2409
4438
4303
3492
2240
4189
1998
4298
3878
2242
1494
3244
2991
2129
3038
1994
3189
1963
4660
4234
2396
3710
3902
3251
2490
2864
2400
4006
4164
4741
3389
3248
3394
2797
3495
4768
3180
2517
4181
1441
4467
1706
4281
1451
3081
3853
1680
4717
3805
4907
2878
4956
3122
4752
4110
2530
4009
2219
4026
3043
1891
2606
4574
1967
2255
4754
2953
4065
4778
4812
3059
3695
2115
4864
4072
1766
2603
2524
3543
3164
4285
3168
4558
2929
3706
2433
2769
4711
4282
3741
4500
3449
4705
3659
1828
4050
4620
2257
4851
2290
4665
1469
3187
2698
2501
2058
4636
4466
4042
4886
4143
1534
4342
3687
2482
2792
2158
4835
4505
2291
1900
2665
1664
2956
4713
3104
2194
1946
3929
2153
4336
3011
3107
3938
3906
3896
2275
2692
4964
4868
4457
4315
1890
2457
4735
3696
1993
3173
2638
2351
1905
2535
3797
2314
3308
2743
4617
3050
1899
4120
1934
2009
2329
3850
4218
4418
2701
1456
4178
3854
3828
1598
4904
4913
2413
3553
1567
1615
2049
1781
1929
4024
2090
3502
4312
1458
3378
1486
3257
2653
2789
3473
2749
4910
2709
4355
3639
2783
4981
3713
4935
3012
3579
3506
4859
4765
1666
4521
2635
3503
2079
3497
946
1012
978
338
1134
590
882
1200
891
435
376
255
1155
861
749
279
214
84
9
518
1299
1207
554
916
753
147
672
656
1394
119
739
596
727
60
1195
931
745
1064
115
322
788
883
148
876
1115
1298
565
1368
1089
40
1166
1103
1343
211
1049
688
807
142
736
352
1268
674
315
131
1279
1032
1239
464
1402
654
1281
498
1104
118
331
1237
1102
867
628
288
671
729
1300
776
960
267
1194
701
408
1029
29
545
11
881
1328
544
719
162
1059
28
366
157
778
971
1007
140
1325
182
1428
298
62
220
1125
1283
397
1074
1322
1286
880
930
1189
432
610
1058
873
500
23
994
1263
42
707
262
1050
243
112
291
620
195
361
1319
732
1380
1073
1206
52
510
1159
682
17
1120
985
71
726
1035
452
1346
1128
1386
1131
434
975
901
945
85
693
1400
502
662
1229
318
1199
1165
1355
550
70
209
912
106
167
1142
868
625
1048
433
1241
1354
311
1376
717
299
402
575
1420
447
1244
815
624
537
1310
354
253
700
1255
923
929
694
1254
410
150
1086
4
1119
326
810
948
722
728
1216
531
1344
942
858
224
1146
470
1371
295
59
1151
358
1330
1145
781
469
425
234
88
378
1099
538
968
1022
959
1430
1055
484
1140
558
1340
507
380
143
706
27
389
169
136
636
1033
956
308
557
330
907
1087
681
1282
453
364
266
416
228
686
95
512
25
1070
928
1153
877
1391
273
1008
1175
1360
178
252
961
49
927
955
828
1042
1198
1129
166
1369
820
809
83
690
1117
712
197
1390
486
1261
1174
1317
784
848
766
355
643
451
952
1144
1225
1247
81
1264
382
509
31
910
1186
1226
230
591
567
420
458
359
373
1287
296
573
1126
785
256
892
633
289
113
272
970
232
227
316
939
936
505
626
1141
249
356
1433
301
704
600
208
714
68
1179
1415
244
467
841
528
1041
967
302
247
1112
1079
829
791
459
506
1305
205
922
1068
581
111
639
661
1139
673
1127
743
1389
277
1065
379
392
368
1412
1088
872
532
646
521
730
117
684
146
7
345
427
1334
1096
911
1201
245
269
1196
204
812
375
480
439
1314
763
276
1154
608
866
426
794
1403
1004
1164
347
838
89
213
1308
187
974
407
817
1013
899
1269
619
764
680
419
1005
124
423
801
824
710
1010
363
1187
1395
1251
1202
1124
1293
1197
263
96
8
851
1130
802
675
398
1271
340
1092
663
1176
594
1274
468
370
1167
831
202
1309
571
128
799
1208
1375
120
1230
982
757
1036
127
1071
933
542
618
597
343
852
82
741
622
1078
718
155
555
1213
1414
584
759
833
935
346
1222
733
156
493
258
1003
1358
1388
1306
782
54
1383
1363
1275
1342
165
328
1240
806
1243
374
685
725
472
808
1162
339
327
1224
844
1410
1218
840
104
334
1210
1171
1284
617
1180
760
1178
1256
1113
251
1291
919
1018
640
1001
152
878
569
773
303
716
818
412
541
598
1062
1107
896
466
1082
99
207
519
417
1372
898
176
1423
260
1288
261
141
43
206
337
400
1396
979
1348
751
1367
390
348
35
250
471
511
886
944
229
534
1398
1203
533
342
437
1136
593
832
976
349
449
108
687
38
503
461
588
109
708
1250
692
966
856
756
520
721
222
164
814
1043
762
215
3
711
934
30
1236
36
22
485
603
1381
770
689
1252
1108
543
1404
1338
1399
491
648
1138
69
551
623
1101
1301
1320
529
2
668
1425
457
1294
48
1295
592
1432
1098
572
424
401
1278
350
969
530
294
133
563
821
94
1429
823
1150
1183
134
137
1111
203
1016
1025
1076
765
1276
200
501
210
351
1109
297
1323
161
574
834
499
1242
914
941
181
1000
604
404
1056
385
998
1217
492
642
564
517
179
442
659
497
1409
1311
1296
403
842
738
257
1184
605
1416
225
151
862
1304
1034
1374
0
153
932
783
860
406
1160
1052
1337
325
122
1190
826
1413
1177
1335
1382
287
951
177
78
16
576
560
583
482
792
1037
180
1223
158
1257
996
1303
582
393
1260
58
556
995
865
789
1341
1405
513
1353
938
185
580
991
913
634
937
562
1219
1040
699
188
441
1384
199
984
460
1188
800
1407
236
709
548
691
1249
850
715
601
1015
1121
874
787
607
219
1336
123
489
105
1234
235
163
621
816
885
1149
194
1185
280
595
443
193
1324
735
20
103
552
64
774
962
1047
428
55
752
1302
34
825
631
665
1028
1427
1044
1084
149
813
12
1094
983
14
871
1026
666
523
827
271
1350
986
1114
1232
1349
658
949
1031
73
769
740
516
1072
522
950
846
779
1083
231
5
190
1038
747
1397
1347
1105
129
713
925
1054
652
126
145
114
462
702
221
853
578
121
964
1392
97
184
839
796
547
1233
306
1020
1345
1193
748
138
924
10
589
387
1434
365
698
212
1377
216
734
670
67
174
90
26
926
1327
91
1246
1321
1081
1297
191
1123
413
1211
478
768
697
855
869
57
1061
954
1221
100
1339
908
989
39
415
515
837
527
1157
644
1270
242
314
264
1273
1215
540
669
1238
875
915
369
535
705
394
981
1181
1133
1421
396
107
1245
282
524
587
845
536
819
645
1387
1361
313
383
786
1312
797
1419
843
902
198
101
475
894
864
988
893
481
742
51
973
1431
21
1169
879
241
226
1100
703
1156
405
514
175
1357
1051
86
1006
772
172
1333
320
1053
965
130
888
1212
80
1168
811
284
79
1161
144
367
196
1122
418
987
72
1426
281
1290
465
154
1024
1411
650
635
647
657
1331
414
494
606
246
46
1204
526
616
33
353
1352
585
651
1379
98
870
793
360
391
335
32
455
399
159
1418
611
561
1039
695
336
50
822
1021
1085
440
1316
835
629
887
307
168
490
1173
678
1385
1182
577
609
268
676
780
1393
1046
274
487
1248
102
1057
508
863
192
731
75
1148
135
388
905
940
1408
454
1332
1272
1315
233
1017
1090
13
947
679
1406
754
615
319
183
1116
332
285
641
553
857
265
239
805
664
1289
602
1060
431
918
980
66
87
771
723
278
854
1093
116
638
1075
903
943
56
1137
997
999
63
1307
160
259
1063
1
1258
660
76
448
750
1097
24
1285
767
329
859
1143
254
312
1424
422
549
421
1318
830
333
1170
1106
1002
65
1417
309
218
1192
1370
240
1267
1077
438
1366
1313
897
890
173
473
1422
1011
1045
1265
1172
293
445
649
238
758
44
45
696
1235
92
957
1359
775
1280
1253
18
450
613
1067
1191
381
804
1231
803
1069
300
1277
1019
430
849
1228
189
568
317
990
217
992
476
1326
630
900
6
74
386
1209
275
917
488
920
292
496
1158
566
171
1163
1080
755
579
248
677
1351
746
474
972
110
790
921
1009
53
479
1030
1135
737
1091
344
1259
884
1266
19
909
586
637
963
384
798
310
446
1227
1364
1110
286
125
201
1027
559
323
889
290
77
1066
570
1292
612
1262
495
744
463
599
795
653
614
1118
1365
977
341
1095
632
237
627
456
357
724
409
15
411
395
305
993
444
132
836
655
270
958
321
1356
1362
667
1401
377
904
1014
186
847
525
777
761
1373
504
429
539
324
223
362
906
93
170
1378
283
61
546
720
1147
1132
1329
304
1220
895
41
1023
483
477
683
47
1152
953
371
139
37
1205
1214
436
372
2462
2004
4296
3042
1846
3897
1987
2344
2106
3571
4555
4760
4339
2648
3346
2534
3635
3727
2652
1826
4454
3452
4939
4236
2766
4721
3388
1746
4200
2651
3578
4756
2575
3480
2361
1627
3414
4774
4136
2057
2419
2140
2748
3212
3161
3117
4563
1442
2156
1818
4307
4427
3728
4191
4299
4421
3095
3033
2727
4582
2871
2841
4328
2464
3108
1630
4201
2023
1620
1621
2474
1492
4287
1861
4393
3157
4667
3294
2782
3240
4149
1466
1863
2911
3305
4506
1440
4280
1976
3541
3657
3592
2241
4603
4670
2923
3053
3774
3991
4311
1881
3895
4896
4980
4046
4030
2020
1799
2123
4384
2050
2683
1885
4909
3802
1488
4112
2654
3533
3818
3325
3883
4461
2335
4769
1489
2260
2056
1478
2048
3654
2645
3614
2463
2533
4116
3820
3268
2341
3446
4246
4261
3474
4220
2637
4455
4474
4085
2303
4704
2744
1804
1619
2734
3856
4746
4458
3968
2714
3460
1709
2526
1730
2086
3890
3073
1613
2081
4350
4196
3847
3286
3128
1552
3436
4470
4473
3978
4993
4593
3133
4214
1795
2146
2067
4527
4308
3724
2096
2848
4446
2965
3504
2629
4556
1694
4934
2668
1743
4380
3220
4375
3733
4027
2371
4675
3956
2900
2812
4770
1634
3549
4324
2471
3852
3751
1531
1574
2102
2160
3184
2563
2719
3054
1811
4757
3101
4210
4180
2823
4529
2342
1903
4379
3153
2564
1734
2411
2276
2370
2507
2717
1754
4294
4420
1691
4359
3477
3529
1784
4602
4362
4787
3203
4663
3017
2334
3199
2627
3239
1483
3465
3986
4724
2386
3969
2267
2609
1878
2033
1723
3055
4301
2445
2408
3376
1653
4168
2088
4243
3341
3725
4929
1913
2175
3352
3191
4621
4531
2340
2011
3269
3891
3171
3636
3211
4791
4343
3004
2758
2988
3192
4808
3772
1991
2165
2456
1549
4016
4824
3112
2770
3097
2155
1875
1907
2199
4897
3357
3467
3600
3552
2330
3998
3598
2177
3803
2061
1540
1937
2015
3445
2502
3560
3146
2164
3487
2617
3865
1744
3265
3581
3920
4779
2837
2599
3007
2978
2029
4898
1916
4881
4586
3522
2141
4010
2634
2547
1542
3759
1972
1463
4780
2828
4901
2423
2256
3980
1904
1571
3410
2605
1728
4911
2800
4919
2707
3575
3379
3266
4800
2674
1950
4022
4148
4190
4349
3871
2713
2246
3215
4553
2942
4775
4123
2702
4666
2125
2784
3909
2962
2891
4504
2271
1860
3219
2808
3359
3278
4524
2010
1906
3532
4541
4930
4031
3076
3448
4407
4799
1965
3174
3666
1966
3301
3867
4821
4269
2397
1753
2835
4915
2434
3417
2921
1810
2902
2860
1833
2391
3496
2493
3328
3534
1675
1506
3768
4487
2716
3072
2135
3863
1658
2269
4160
3016
1487
3642
3737
4205
2294
3340
2394
3309
3746
3561
3094
2801
2819
2510
1464
4439
3926
4222
2681
2556
4184
4998
2544
3298
2755
3140
4077
4268
4371
2985
2228
4249
3068
1663
3398
2286
4229
3313
2843
4273
2776
3225
2946
3963
3781
3170
2795
2358
2667
4613
3777
4271
3393
1835
4878
1670
4403
3413
3812
2472
4183
2120
3356
2504
4727
4428
4798
2437
2715
3609
1509
4644
4061
3408
2514
3214
3660
3306
2697
3194
3914
3371
3973
1470
3992
2747
1995
2034
4936
4412
3610
1927
2188
4731
2138
1703
4755
3405
4693
1525
3563
2041
1933
4643
3574
4437
4483
2215
3455
4645
1677
4653
1739
2220
3350
2699
3894
4182
2025
1767
4876
2469
3026
1817
3430
4478
1793
4927
1761
2316
1447
2208
3601
3935
4961
2737
3528
3349
1477
2598
2877
4125
4707
1977
2831
2451
4278
3874
2282
4948
2111
4228
4434
3466
1610
1513
3889
2084
2109
2145
1902
3675
3974
2884
1443
1786
3400
4940
4906
2375
4003
4630
4121
1757
2947
1864
4953
2331
2950
3954
3224
4231
4344
2909
2288
4292
4696
3791
4286
4671
2858
2595
1467
4625
3172
2442
4002
3936
3901
4566
3692
4628
4652
2305
3402
4854
4337
3698
4646
1997
3637
3290
3975
3905
2712
4051
4453
1779
1589
4841
2285
1659
1807
4238
4708
2243
4423
1983
3037
2181
2561
2366
4840
2354
1448
3611
4089
3273
1453
4451
3619
1858
3482
3256
4631
2059
2856
4390
3930
3788
4028
3103
2264
1594
2968
1682
3318
4456
3222
3718
3558
4415
4916
2625
4176
4684
1785
1511
1887
4561
2114
2969
2458
2513
4392
4867
4012
1982
4809
4391
4152
4772
1521
3485
2336
1626
4413
4079
3934
4968
2421
3166
4417
4611
3641
4648
1612
2839
3875
1553
1747
1822
2179
2280
2906
4253
4293
2600
2607
2733
2198
1713
2577
2742
3113
3326
1815
2043
2672
2098
2775
4692
3019
3167
4764
4664
2142
2195
3163
4464
2913
3217
2384
1579
4426
1690
4092
4870
3048
2686
4714
2757
1980
3372
4264
2261
2870
4497
1501
4102
2382
4154
3622
1909
1978
4761
4530
4942
4316
2830
3102
1546
2127
2147
1803
2028
4034
1762
2925
4440
3176
1602
4063
2954
2037
3218
3651
2539
4982
4297
3837
4548
2908
2612
3814
4626
1685
3851
3778
2045
4395
3959
3009
4431
3295
1577
3656
3709
1969
2306
3020
2298
2001
4381
3114
3511
2441
4882
2594
2589
4921
3216
3556
3365
4552
3617
3524
3067
4777
3382
4726
4414
1953
2007
2622
3615
4573
4263
4289
3824
2417
4853
3186
3409
4492
3288
1618
2124
3834
3652
3111
2785
4651
1894
4117
2311
3729
4173
3550
4057
3957
4360
2237
3287
3367
3190
3976
4272
3416
4792
4330
2746
3755
4601
3329
1446
1450
2777
2935
3588
2708
2221
3241
4341
4134
2566
3782
4023
3115
3771
4233
2895
2512
3827
3739
2186
2376
4661
4695
4033
3139
3794
1596
4052
2661
4277
4108
2205
3668
2499
4801
4543
1524
2670
3069
4723
2938
1554
2964
1668
2217
2972
3162
3263
4758
3548
2332
4941
1930
4658
3708
2224
1772
4592
4538
4223
2478
3284
1655
3362
1971
4211
4892
2107
1756
4557
4011
2610
2735
3481
4193
4568
4266
2428
4481
2379
1543
1996
4528
4525
3337
2673
4610
2765
2369
2297
2641
3500
2166
4984
1719
3531
3204
2752
4635
3691
4883
3995
2788
4279
3628
3277
3399
2184
3836
1678
2277
3366
2193
2118
2979
3470
3750
3010
1504
4923
4198
4382
2174
3386
1631
2233
3988
3707
1569
2873
3664
1921
2814
4579
4388
4647
2325
2919
3928
4507
4140
3321
2495
3584
2317
2040
3501
1633
3987
4192
4697
4685
3188
3252
2934
3110
2861
1951
4575
3631
4367
1740
4374
2128
1727
1632
1503
4759
1832
4044
3178
3281
1755
3407
2940
1788
2387
3159
1605
4688
1555
3815
4014
2623
4212
4569
2092
2136
1922
2981
3910
1539
1500
4310
3462
1825
4122
3210
4015
1840
3420
1748
1968
2679
2104
2558
2859
1480
3962
1643
3258
3003
2933
1468
3844
3008
4147
3444
2914
3879
1482
1635
1495
2570
2364
2425
3478
1850
2083
1780
4889
2229
4348
2019
4252
1592
3744
3690
2440
1802
4679
2283
2350
2310
4623
2545
4672
3198
4133
3898
2918
2304
4172
4496
3630
4838
2404
3559
4604
1862
3380
2718
2587
2695
4513
2318
2728
4829
1669
4728
3804
2446
1536
2636
2126
1608
3323
3830
3404
1830
4931
3919
2725
2189
2948
3602
1558
4862
2937
2182
3264
2172
3071
2832
2647
4914
3717
2751
2117
1999
4539
3342
2491
4319
2778
4394
2064
1808
2966
4358
2798
4080
3206
3130
1853
3197
3088
3839
1641
1676
1528
1578
4943
3931
3160
4040
2689
1496
2768
3734
3678
1607
3607
4007
2821
4937
3245
2941
2108
4608
3994
3616
3838
4511
4900
2278
4572
1459
1712
4017
3129
1699
2632
4254
3661
4641
4124
3493
3438
2338
3519
3032
4397
4733
1698
1604
4920
3643
1838
1600
1955
4302
3237
2453
3488
2779
3358
4208
2866
1512
2405
2429
3330
3022
2882
1947
3144
4326
1629
4581
3773
4465
3645
2259
4963
3653
3135
4865
3331
4918
2262
4056
3689
4069
1606
2368
2591
3726
4411
2200
2475
1580
4410
3697
1782
2754
1789
2439
4571
2087
1880
1537
2426
3418
4356
4018
1943
3158
4463
3120
1584
1535
3937
1842
2516
2949
2378
3779
2511
3923
2349
2549
4142
2381
1798
3949
3121
1445
3985
4066
1855
1777
2680
2619
3031
3785
3021
4732
2807
2579
1649
4975
3833
4979
1770
3253
3351
4873
2363
3582
3958
4762
2027
1731
2315
4131
4471
1721
3228
4818
4346
4508
2999
2365
4683
4139
4435
1970
4258
3236
1809
3439
2704
2222
3555
3682
3360
4377
3769
3006
1737
1884
3546
3419
2532
3234
1560
2885
3623
3945
2161
4313
4978
1759
1939
2347
3948
4032
4551
2005
2596
4179
2353
4689
4008
2333
3238
4485
3848
4187
4309
1479
2907
2112
2149
1765
4532
3580
4989
3632
4491
3434
3151
4430
3246
3483
2249
1573
3062
4284
4512
4247
4094
4041
2761
2767
3311
3124
3383
4773
2422
4314
3761
1647
3984
1941
4947
4488
3443
2886
4744
3262
1617
4060
4650
2006
2572
4673
2398
4232
4729
4104
1812
4262
2862
4828
3116
1836
4163
4165
3039
1656
4949
3175
2060
2418
4503
1679
2214
3551
4880
4819
1797
3396
3997
3629
4001
4827
1901
3608
1687
4239
3345
3231
4075
3041
4195
4698
3518
4062
3780
2322
4237
4894
3461
1912
2110
2492
3179
3307
2476
2328
3648
1688
2664
4489
3002
2480
3806
4999
3391
2253
4450
4716
3368
4334
3983
2850
1764
3066
2853
2467
2327
3056
1481
2416
2762
3735
1768
1517
1763
3640
2162
1733
2046
2414
1883
1639
2578
2657
2963
3911
2196
4445
2133
3299
3940
2662
3792
2312
1601
3892
4387
4053
4588
3624
3981
2799
3566
3730
3092
4725
3620
3432
4747
2543
4130
2372
1472
2890
2820
4712
3472
4767
3165
3647
4976
1776
4331
4174
4802
3760
2191
2817
1866
2593
4796
2448
3870
4990
2461
1714
2959
3961
2435
4058
1716
2284
4209
2529
4856
2468
1787
1704
3893
2121
4782
4370
2393
3587
4338
3271
4396
4409
1585
3119
2525
4217
4789
1696
3084
4167
1595
2992
2675
3334
4290
3766
4186
4847
3776
3005
3740
4965
3604
2703
4895
3523
3270
4087
2763
3232
4600
4669
1801
4083
4893
4076
1923
2666
4047
1710
3235
4283
2218
4706
4515
3322
1960
4627
4323
3029
1623
4971
2412
1948
3885
2026
2845
4227
2089
2000
2313
1541
3463
4534
1462
2481
4276
4687
3564
2875
4743
2069
1791
1752
3181
1910
2630
2721
2996
4776
3336
1662
2565
4863
2649
3585
2760
2095
2787
2958
2232
2187
1715
3538
3242
4216
2790
4785
4614
4637
3595
2553
4719
3507
3904
4686
2008
1591
4347
2616
3468
4109
1652
3736
4550
4098
4656
4436
4103
2431
3745
2206
3677
1851
1568
4649
1519
3293
3627
4816
2055
1839
3786
1848
4783
3353
4145
4477
4132
4994
3250
2410
2082
4587
2655
4739
2362
1651
4872
2134
4736
4158
2319
2022
2100
4045
2810
2688
4305
4605
4969
3464
4680
2642
3880
4830
2927
1932
4523
4224
2289
2077
2557
3569
3118
2509
1931
2705
3762
1667
1611
4064
4771
4059
2548
2326
3674
3685
2211
2855
2099
3508
4146
3596
4386
2432
4493
3083
4958
3327
4043
3427
1886
1559
2741
3431
1593
3942
4509
1760
3484
1588
4378
1908
2732
3738
4526
3671
2383
3013
4049
2178
2846
4782 4783
4748 4749
89 90
114 116
4689 4690
4859 4860
4758 4760
87 88
86 88
87 88
4676 4678
4649 4652
4736 4737
4916 4917
4827 4828
4905 4906
4975 4976
35 36
4736 4737
4861 4862
27 28
34 35
4720 4721
4620 4621
4873 4875
40 41
4939 4940
4635 4636
4854 4855
4666 4667
4928 4932
69 71
69 70
32 33
32 33
69 70
8 9
4748 4749
4748 4749
4668 4669
4933 4934
4722 4723
9 11
78 79
4609 4610
4832 4833
4932 4933
4663 4664
62 63
4819 4820
4816 4817
92 93
4830 4831
4830 4831
4620 4624
4701 4704
4776 4777
32 34
31 32
4751 4752
4842 4844
4675 4676
4808 4809
4914 4917
84 85
89 90
88 89
4647 4648
4832 4833
4830 4832
4829 4830
4786 4788
4633 4634
4632 4633
76 77
4591 4592
4739 4740
4738 4741
4664 4665
4766 4767
4849 4850
4849 4850
4780 4781
4616 4617
4770 4771
21 22
4669 4671
65 67
4854 4855
4695 4697
4694 4696
4625 4627
4599 4600
4599 4600
4735 4736
4734 4735
4610 4611
4841 4842
4839 4841
4725 4727
4724 4726
4723 4725
4777 4778
4631 4633
4740 4742
4667 4668
4791 4792
4782 4783
4741 4742
4740 4742
4739 4740
4729 4730
4693 4697
4692 4693
4690 4694
4689 4690
4651 4652
4764 4765
4827 4828
4637 4638
4834 4835
4833 4834
9 12
75 76
4704 4705
6 7
4755 4756
4734 4735
4608 4609
4608 4609
4765 4766
76 78
75 77
4818 4819
24 25
4784 4786
4784 4785
4693 4694
4620 4621
36 37
36 37
4605 4607
4580 4581
4672 4673
21 22
19 21
4697 4699
4634 4636
3 4
0 3
4577 4578
4576 4577
4622 4624
4621 4624
4621 4622
4717 4719
4592 4594
4590 4593
4630 4631
4628 4630
4669 4670
4627 4631
4626 4627
23 24
21 23
4718 4719
4724 4725
4674 4675
4578 4579
4634 4636
4634 4635
4674 4675
4673 4674
4673 4675
4672 4673
4670 4673
4738 4739
4737 4739
4737 4740
4579 4581
4579 4580
4577 4579
4586 4587
4586 4587
4585 4587
4583 4585
4697 4698
4697 4698
4696 4697
4696 4697
4696 4697
4695 4696
7 8
32 34
32 33
32 33
51 53
51 52
29 30
29 30
28 29
4606 4607
4605 4607
4604 4607
4695 4696
4694 4695
4694 4695
4694 4695
4692 4694
4691 4692
4691 4692
2391 2392
2391 2392
2390 2391
2390 2391
2390 2391
2389 2390
2389 2390
2388 2389
2388 2389
2388 2389
2388 2389
2387 2388
2387 2388
2386 2387
2385 2386
2385 2386
2384 2385
2383 2384
2383 2384
2383 2384
2383 2384
48 49
4551 4552
4549 4551
4589 4590
4588 4589
4601 4602
4601 4602
2382 2383
2382 2383
2381 2382
2381 2382
2380 2381
2380 2381
2380 2381
2379 2380
2378 2379
2378 2379
2377 2378
2377 2378
2376 2377
2375 2376
2375 2376
4655 4656
4653 4658
4652 4654
4538 4539
4536 4538
4535 4537
4621 4623
4620 4621
4618 4620
4616 4618
4613 4617
4569 4570
4568 4570
35 36
33 35
22 23
4515 4517
4514 4515
43 44
4556 4558
4556 4559
4555 4556
4555 4556
4519 4520
4519 4521
4517 4519
4599 4600
4598 4599
4597 4598
4596 4598
4594 4596
4594 4597
2370 2371
2369 2370
2369 2370
2369 2370
2368 2369
2367 2368
2367 2368
2367 2368
2366 2367
2365 2366
2364 2365
2363 2364
2362 2363
2361 2362
2360 2361
2359 2360
2358 2359
2358 2359
2357 2358
2357 2358
2356 2357
2355 2356
2354 2355
2353 2354
2353 2354
2353 2354
2352 2353
2351 2352
2350 2351
2349 2350
2348 2349
2347 2348
2347 2348
2346 2347
2346 2347
2345 2346
2344 2345
2343 2344
2342 2343
2342 2343
2341 2342
2340 2341
2340 2341
2339 2340
2339 2340
2339 2340
2338 2339
2337 2338
2336 2337
2335 2336
2334 2335
2333 2334
2332 2333
2332 2333
2332 2333
2331 2332
2330 2331
2329 2330
2329 2330
2329 2330
2328 2329
2327 2328
2327 2328
2326 2327
2325 2326
2325 2326
2325 2326
2324 2325
2323 2324
2322 2323
2322 2323
2321 2322
2320 2321
2319 2320
2318 2319
2317 2318
2316 2317
2316 2317
2316 2317
2316 2317
2316 2317
2316 2317
2316 2317
2315 2316
2315 2316
2314 2315
2313 2314
2313 2314
2312 2313
2311 2312
2310 2311
2309 2310
2309 2310
2309 2310
2308 2309
2307 2308
2307 2308
2306 2307
2306 2307
2305 2306
2304 2305
2304 2305
2304 2305
2304 2305
2304 2305
2303 2304
2303 2304
2303 2304
2302 2303
2302 2303
2301 2302
2301 2302
2301 2302
4401 4403
2301 2302
2300 2301
2299 2300
2299 2300
2298 2299
2298 2299
2297 2298
2296 2297
2295 2296
2294 2295
2293 2294
2292 2293
2292 2293
2291 2292
2290 2291
2290 2291
2290 2291
2289 2290
2289 2290
2288 2289
2287 2288
2286 2287
2286 2287
2286 2287
2285 2286
2284 2285
2284 2285
2284 2285
2283 2284
2283 2284
2282 2283
2281 2282
2280 2281
2280 2281
2280 2281
2280 2281
2279 2280
2279 2280
2278 2279
2278 2279
2277 2278
2276 2277
2276 2277
2275 2276
2274 2275
2274 2275
2273 2274
2273 2274
2273 2274
2272 2273
2272 2273
2271 2272
2270 2271
2270 2271
2269 2270
2268 2269
2268 2269
2267 2268
2267 2268
2266 2267
2265 2266
2265 2266
2265 2266
2264 2265
2264 2265
2264 2265
2263 2264
2262 2263
2261 2262
2261 2262
2261 2262
2260 2261
2259 2260
2259 2260
2259 2260
2259 2260
2258 2259
2257 2258
2257 2258
2256 2257
2256 2257
2255 2256
2254 2255
2253 2254
2253 2254
2252 2253
2251 2252
2251 2252
2251 2252
2250 2251
2249 2250
2249 2250
2248 2249
2247 2248
2247 2248
2246 2247
2246 2247
2246 2247
38 40
38 42
37 40
23 24
22 25
22 24
4371 4372
4369 4372
4368 4371
4297 4298
4297 4298
8 9
8 9
7 8
7 8
7 8
7 10
7 11
11 13
8 12
4288 4289
4287 4288
4286 4287
4286 4288
4277 4282
4276 4279
4272 4276
4272 4274
4318 4319
4316 4318
4313 4316
4313 4315
3 4
3 4
3 5
3 6
1 6
2201 2202
2201 2202
2201 2202
2201 2202
2200 2201
2199 2200
2198 2199
2198 2199
2197 2198
2196 2197
2195 2196
2194 2195
2194 2195
2194 2195
2193 2194
2193 2194
2192 2193
2192 2193
2192 2193
2192 2193
2191 2192
2191 2192
2190 2191
2190 2191
2189 2190
2188 2189
2187 2188
2187 2188
2186 2187
2185 2186
2184 2185
2184 2185
2183 2184
2183 2184
2182 2183
2181 2182
2180 2181
2179 2180
2178 2179
2177 2178
2176 2177
2176 2177
2175 2176
2174 2175
2174 2175
2173 2174
2173 2174
2172 2173
2171 2172
2170 2171
2169 2170
2168 2169
2167 2168
2167 2168
2166 2167
2165 2166
2164 2165
2164 2165
2163 2164
2163 2164
2163 2164
2162 2163
2161 2162
2161 2162
2160 2161
2159 2160
2158 2159
2157 2158
2157 2158
2156 2157
2155 2156
2155 2156
2154 2155
2153 2154
2153 2154
2152 2153
2152 2153
2151 2152
2150 2151
2149 2150
2149 2150
2149 2150
2148 2149
2147 2148
2146 2147
2145 2146
2144 2145
2143 2144
2143 2144
2143 2144
2142 2143
2142 2143
2142 2143
2141 2142
2140 2141
2140 2141
2139 2140
2139 2140
2139 2140
2139 2140
2139 2140
2139 2140
2138 2139
2137 2138
2136 2137
2135 2136
2135 2136
2135 2136
2135 2136
2134 2135
2134 2135
2134 2135
2134 2135
2134 2135
2133 2134
2132 2133
2131 2132
2130 2131
2130 2131
2129 2130
2128 2129
2127 2128
2126 2127
2125 2126
2125 2126
2125 2126
2124 2125
2123 2124
2123 2124
2123 2124
2123 2124
2123 2124
2123 2124
2123 2124
2122 2123
2122 2123
2122 2123
2122 2123
2122 2123
2121 2122
2121 2122
2121 2122
2120 2121
2119 2120
2119 2120
2119 2120
2118 2119
2118 2119
2117 2118
2116 2117
2116 2117
2115 2116
2114 2115
2113 2114
2112 2113
2112 2113
2112 2113
2112 2113
2112 2113
2111 2112
2111 2112
2110 2111
2110 2111
2109 2110
2109 2110
2109 2110
2108 2109
2107 2108
2107 2108
2106 2107
2105 2106
2105 2106
2104 2105
2104 2105
2103 2104
2103 2104
2103 2104
2102 2103
2101 2102
2100 2101
2099 2100
2099 2100
2099 2100
2099 2100
2098 2099
2098 2099
2097 2098
2096 2097
2096 2097
2095 2096
2095 2096
2095 2096
2094 2095
2094 2095
2093 2094
2093 2094
2092 2093
2092 2093
2092 2093
2091 2092
2090 2091
2090 2091
2090 2091
2089 2090
2089 2090
2089 2090
2089 2090
2089 2090
2088 2089
2087 2088
2086 2087
2086 2087
2086 2087
2085 2086
2084 2085
2084 2085
2084 2085
2084 2085
2084 2085
2083 2084
2082 2083
2081 2082
2080 2081
2079 2080
2078 2079
2078 2079
2078 2079
2077 2078
2077 2078
2076 2077
2075 2076
2075 2076
2074 2075
2074 2075
2073 2074
2073 2074
2072 2073
2071 2072
2070 2071
2069 2070
2069 2070
2068 2069
2067 2068
2066 2067
2065 2066
2064 2065
2063 2064
2063 2064
2062 2063
2062 2063
2061 2062
2061 2062
2061 2062
2061 2062
2061 2062
2060 2061
2060 2061
2059 2060
2059 2060
2058 2059
2057 2058
2056 2057
2055 2056
2055 2056
2055 2056
2055 2056
2054 2055
2053 2054
2053 2054
2053 2054
2052 2053
2052 2053
2051 2052
2050 2051
2049 2050
2049 2050
2048 2049
2048 2049
2048 2049
2048 2049
2047 2048
2047 2048
2047 2048
2046 2047
2045 2046
2045 2046
2045 2046
2044 2045
2043 2044
2043 2044
2043 2044
2042 2043
2041 2042
2041 2042
2041 2042
2040 2041
2040 2041
2040 2041
2040 2041
2040 2041
2040 2041
2039 2040
2039 2040
2038 2039
2037 2038
2036 2037
2035 2036
2035 2036
2034 2035
2033 2034
2032 2033
2032 2033
2031 2032
2031 2032
2030 2031
2029 2030
2029 2030
2028 2029
2028 2029
2027 2028
2026 2027
2026 2027
2025 2026
2024 2025
2024 2025
2023 2024
2022 2023
2022 2023
2021 2022
2021 2022
2021 2022
2021 2022
2020 2021
2019 2020
2019 2020
2019 2020
2019 2020
2019 2020
2018 2019
2017 2018
2016 2017
2015 2016
2014 2015
2013 2014
2012 2013
2012 2013
2012 2013
2011 2012
2011 2012
2010 2011
2009 2010
2009 2010
2009 2010
2009 2010
2009 2010
2009 2010
2009 2010
2008 2009
2007 2008
2007 2008
2007 2008
2007 2008
2007 2008
2006 2007
2005 2006
2004 2005
2004 2005
2004 2005
2004 2005
2004 2005
2003 2004
2003 2004
2002 2003
2002 2003
2002 2003
2001 2002
2000 2001
1999 2000
1999 2000
1998 1999
1998 1999
1998 1999
1997 1998
1996 1997
1995 1996
1994 1995
1994 1995
1994 1995
1993 1994
1992 1993
1991 1992
1990 1991
1989 1990
1988 1989
1987 1988
1986 1987
1986 1987
1985 1986
1985 1986
1985 1986
1985 1986
1985 1986
1984 1985
1983 1984
1983 1984
1983 1984
1982 1983
1981 1982
1980 1981
1979 1980
1978 1979
1978 1979
1977 1978
1977 1978
1977 1978
1977 1978
1977 1978
1976 1977
1975 1976
1974 1975
1973 1974
1972 1973
1971 1972
1970 1971
1969 1970
1968 1969
1968 1969
1967 1968
1967 1968
1966 1967
1965 1966
1964 1965
1964 1965
1963 1964
1962 1963
1961 1962
1961 1962
1961 1962
1960 1961
1960 1961
1960 1961
1960 1961
1959 1960
1959 1960
1959 1960
1959 1960
1958 1959
1958 1959
1957 1958
1956 1957
1956 1957
1956 1957
1956 1957
1956 1957
1955 1956
1955 1956
1955 1956
1955 1956
1955 1956
1954 1955
1953 1954
1952 1953
1952 1953
1952 1953
1952 1953
1952 1953
1951 1952
1950 1951
1949 1950
1949 1950
1949 1950
1949 1950
1949 1950
1948 1949
1947 1948
1946 1947
1946 1947
1945 1946
1944 1945
1943 1944
1942 1943
1941 1942
1940 1941
1939 1940
1938 1939
1938 1939
1937 1938
1936 1937
1935 1936
1934 1935
1933 1934
1933 1934
1933 1934
1932 1933
1931 1932
1930 1931
1930 1931
1930 1931
1929 1930
1929 1930
1928 1929
1928 1929
1928 1929
1927 1928
1927 1928
1926 1927
1926 1927
1925 1926
1925 1926
1925 1926
1924 1925
1923 1924
1923 1924
1922 1923
1922 1923
1922 1923
1921 1922
1921 1922
1921 1922
1920 1921
1920 1921
1920 1921
1919 1920
1918 1919
1917 1918
1917 1918
1916 1917
1916 1917
1915 1916
1915 1916
1915 1916
1914 1915
1914 1915
1914 1915
1913 1914
1912 1913
1911 1912
1910 1911
1910 1911
1909 1910
1908 1909
1907 1908
1906 1907
1906 1907
1906 1907
1905 1906
1905 1906
1905 1906
1904 1905
1904 1905
1904 1905
1903 1904
1902 1903
1901 1902
1900 1901
1899 1900
1898 1899
1897 1898
1896 1897
1895 1896
1894 1895
1893 1894
1892 1893
1891 1892
1890 1891
1890 1891
1890 1891
1889 1890
1889 1890
1888 1889
1887 1888
1887 1888
1886 1887
1886 1887
1885 1886
1884 1885
1883 1884
1883 1884
1883 1884
1882 1883
1881 1882
1880 1881
1879 1880
1878 1879
1877 1878
1876 1877
1876 1877
1875 1876
1875 1876
1874 1875
1873 1874
1873 1874
1872 1873
1872 1873
1871 1872
1871 1872
1871 1872
1871 1872
1870 1871
1869 1870
1868 1869
1868 1869
1868 1869
1867 1868
1867 1868
1866 1867
1866 1867
1865 1866
1865 1866
1865 1866
1864 1865
1863 1864
1863 1864
1863 1864
1862 1863
1861 1862
1860 1861
1860 1861
1859 1860
1859 1860
1858 1859
1857 1858
1856 1857
1855 1856
1854 1855
1854 1855
1854 1855
1854 1855
1853 1854
1852 1853
1852 1853
1851 1852
1851 1852
1851 1852
1850 1851
1849 1850
1849 1850
1848 1849
1847 1848
1846 1847
1845 1846
1844 1845
1843 1844
1842 1843
1842 1843
1841 1842
1840 1841
1840 1841
1840 1841
1839 1840
1839 1840
1839 1840
1839 1840
1839 1840
1839 1840
1839 1840
1838 1839
1838 1839
1837 1838
1836 1837
1836 1837
1836 1837
1836 1837
1835 1836
1834 1835
1834 1835
1834 1835
1834 1835
1833 1834
1833 1834
1832 1833
1832 1833
1832 1833
1831 1832
1830 1831
1829 1830
1828 1829
1828 1829
1828 1829
1828 1829
1827 1828
1826 1827
1826 1827
1825 1826
1824 1825
1823 1824
1823 1824
1822 1823
1822 1823
1821 1822
1821 1822
1821 1822
1820 1821
1820 1821
1819 1820
1819 1820
1819 1820
1818 1819
1817 1818
1816 1817
1815 1816
1815 1816
1814 1815
1814 1815
1813 1814
1812 1813
1812 1813
1811 1812
1810 1811
1810 1811
1810 1811
1810 1811
1810 1811
1809 1810
1809 1810
1808 1809
1808 1809
1807 1808
1806 1807
1805 1806
1804 1805
1803 1804
1802 1803
1802 1803
1801 1802
1800 1801
1800 1801
1799 1800
1799 1800
1799 1800
1798 1799
1797 1798
1796 1797
1795 1796
1795 1796
1794 1795
1794 1795
1794 1795
1793 1794
1792 1793
1791 1792
1790 1791
1789 1790
1789 1790
1789 1790
1789 1790
1788 1789
1787 1788
1787 1788
1786 1787
1785 1786
1785 1786
1784 1785
1783 1784
1782 1783
1782 1783
1782 1783
1782 1783
1781 1782
1781 1782
1781 1782
1781 1782
1780 1781
1780 1781
1779 1780
1779 1780
1778 1779
1778 1779
1778 1779
1777 1778
1777 1778
1776 1777
1776 1777
1775 1776
1774 1775
1774 1775
1773 1774
1772 1773
1771 1772
1771 1772
1771 1772
1771 1772
1771 1772
1770 1771
1769 1770
1768 1769
1767 1768
1767 1768
1766 1767
1765 1766
1765 1766
1765 1766
1765 1766
1764 1765
1764 1765
1763 1764
1763 1764
1763 1764
1762 1763
1761 1762
1761 1762
1761 1762
1760 1761
1759 1760
1758 1759
1758 1759
1758 1759
1757 1758
1756 1757
1755 1756
1754 1755
1754 1755
1754 1755
1754 1755
1754 1755
1754 1755
1753 1754
1753 1754
1752 1753
1751 1752
1750 1751
1749 1750
1749 1750
1748 1749
1748 1749
1748 1749
1747 1748
1747 1748
1747 1748
1746 1747
1745 1746
1745 1746
1745 1746
1744 1745
1744 1745
1744 1745
1743 1744
1743 1744
1743 1744
1742 1743
1741 1742
1740 1741
1740 1741
1740 1741
1740 1741
1739 1740
1738 1739
1738 1739
1737 1738
1737 1738
1736 1737
1735 1736
1735 1736
1735 1736
1735 1736
1735 1736
1735 1736
1734 1735
1734 1735
1734 1735
1734 1735
1733 1734
1732 1733
1732 1733
1731 1732
1730 1731
1730 1731
1730 1731
1730 1731
1730 1731
1729 1730
1729 1730
1728 1729
1728 1729
1728 1729
1728 1729
1728 1729
1727 1728
1726 1727
1725 1726
1724 1725
1724 1725
1723 1724
1722 1723
1721 1722
1720 1721
1720 1721
1719 1720
1718 1719
1717 1718
1717 1718
1717 1718
1717 1718
1716 1717
1716 1717
1715 1716
1715 1716
1715 1716
1714 1715
1713 1714
1712 1713
1711 1712
1710 1711
1709 1710
1708 1709
1708 1709
1707 1708
1707 1708
1707 1708
1706 1707
1705 1706
1705 1706
1705 1706
1705 1706
1705 1706
1704 1705
1703 1704
1703 1704
1702 1703
1701 1702
1700 1701
1700 1701
1700 1701
1699 1700
1698 1699
1698 1699
1698 1699
1698 1699
1698 1699
1698 1699
1697 1698
1696 1697
1695 1696
1695 1696
1694 1695
1694 1695
1694 1695
1693 1694
1692 1693
1691 1692
1690 1691
1690 1691
1690 1691
1689 1690
1688 1689
1687 1688
1687 1688
1687 1688
1687 1688
1687 1688
1686 1687
1686 1687
1685 1686
1684 1685
1683 1684
1682 1683
1681 1682
1681 1682
1681 1682
1681 1682
1681 1682
1681 1682
1680 1681
1680 1681
1680 1681
1680 1681
1680 1681
1680 1681
1679 1680
1678 1679
1678 1679
1677 1678
1676 1677
1676 1677
1675 1676
1675 1676
1674 1675
1674 1675
1674 1675
1674 1675
1673 1674
1673 1674
1673 1674
1672 1673
1671 1672
1671 1672
1671 1672
1671 1672
1670 1671
1670 1671
1669 1670
1668 1669
1667 1668
1666 1667
1665 1666
1664 1665
1663 1664
1663 1664
1662 1663
1661 1662
1661 1662
1660 1661
1659 1660
1658 1659
1657 1658
1657 1658
1656 1657
1656 1657
1655 1656
1655 1656
1654 1655
1653 1654
1652 1653
1651 1652
1650 1651
1649 1650
1648 1649
1647 1648
1646 1647
1645 1646
1644 1645
1643 1644
1642 1643
1641 1642
1641 1642
1641 1642
1640 1641
1640 1641
1640 1641
1640 1641
1640 1641
1639 1640
1639 1640
1638 1639
1637 1638
1637 1638
1636 1637
1636 1637
1635 1636
1635 1636
1635 1636
1635 1636
1635 1636
1634 1635
1634 1635
1633 1634
1632 1633
1632 1633
1631 1632
1631 1632
1631 1632
1631 1632
1631 1632
1631 1632
1631 1632
1630 1631
1630 1631
1630 1631
1630 1631
1630 1631
1629 1630
1629 1630
1629 1630
1628 1629
1628 1629
1628 1629
1628 1629
1627 1628
1626 1627
1625 1626
1625 1626
1624 1625
1623 1624
1622 1623
1622 1623
1621 1622
1620 1621
1619 1620
1618 1619
1617 1618
1616 1617
1616 1617
1616 1617
1616 1617
1616 1617
1615 1616
1615 1616
1615 1616
1614 1615
1613 1614
1613 1614
1613 1614
1612 1613
1611 1612
1611 1612
1611 1612
1611 1612
1610 1611
1610 1611
1610 1611
1609 1610
1608 1609
1607 1608
1606 1607
1605 1606
1605 1606
1605 1606
1605 1606
1605 1606
1605 1606
1605 1606
1604 1605
1603 1604
1602 1603
1601 1602
1600 1601
1600 1601
1600 1601
1599 1600
1599 1600
1598 1599
1598 1599
1597 1598
1596 1597
1595 1596
1594 1595
1593 1594
1593 1594
1592 1593
1592 1593
1592 1593
1592 1593
1591 1592
1590 1591
1590 1591
1589 1590
1589 1590
1588 1589
1588 1589
1587 1588
1587 1588
1586 1587
1585 1586
1585 1586
1585 1586
1584 1585
1584 1585
1584 1585
1583 1584
1583 1584
1582 1583
1581 1582
1580 1581
1580 1581
1579 1580
1579 1580
1578 1579
1577 1578
1577 1578
1576 1577
1575 1576
1575 1576
1575 1576
1574 1575
1574 1575
1574 1575
1574 1575
1574 1575
1574 1575
1574 1575
1574 1575
1573 1574
1573 1574
1572 1573
1571 1572
1570 1571
1570 1571
1569 1570
1568 1569
1568 1569
1567 1568
1566 1567
1565 1566
1564 1565
1563 1564
1562 1563
1561 1562
1560 1561
1559 1560
1558 1559
1557 1558
1556 1557
1556 1557
1556 1557
1555 1556
1555 1556
1555 1556
1554 1555
1554 1555
1553 1554
1553 1554
1552 1553
1552 1553
1551 1552
1550 1551
1549 1550
1548 1549
1547 1548
1546 1547
1546 1547
1546 1547
1545 1546
1544 1545
1544 1545
1543 1544
1542 1543
1541 1542
1540 1541
1540 1541
1539 1540
1538 1539
1537 1538
1537 1538
1536 1537
1536 1537
1536 1537
1536 1537
1536 1537
1536 1537
1536 1537
1535 1536
1535 1536
1534 1535
1533 1534
1532 1533
1531 1532
1530 1531
1529 1530
1529 1530
1528 1529
1527 1528
1527 1528
1527 1528
1527 1528
1527 1528
1527 1528
1526 1527
1526 1527
1525 1526
1525 1526
1524 1525
1524 1525
1523 1524
1523 1524
1522 1523
1522 1523
1521 1522
1521 1522
1520 1521
1519 1520
1518 1519
1518 1519
1518 1519
1517 1518
1516 1517
1516 1517
1515 1516
1515 1516
1514 1515
1514 1515
1514 1515
1514 1515
1514 1515
1514 1515
1514 1515
1514 1515
1513 1514
1512 1513
1511 1512
1510 1511
1510 1511
1510 1511
1509 1510
1509 1510
1508 1509
1507 1508
1507 1508
1506 1507
1505 1506
1505 1506
1505 1506
1504 1505
1503 1504
1502 1503
1501 1502
1501 1502
1501 1502
1500 1501
1500 1501
1499 1500
1499 1500
1498 1499
1497 1498
1497 1498
1497 1498
1497 1498
1496 1497
1495 1496
1495 1496
1495 1496
1495 1496
1494 1495
1493 1494
1493 1494
1492 1493
1491 1492
1491 1492
1491 1492
1490 1491
1490 1491
1490 1491
1490 1491
1490 1491
1489 1490
1488 1489
1488 1489
1487 1488
1486 1487
1486 1487
1485 1486
1485 1486
1484 1485
1484 1485
1483 1484
1483 1484
1482 1483
1481 1482
1480 1481
1480 1481
1480 1481
1480 1481
1479 1480
1478 1479
1478 1479
1477 1478
1477 1478
1477 1478
1476 1477
1475 1476
1475 1476
1475 1476
1474 1475
1473 1474
1472 1473
1472 1473
1471 1472
1471 1472
1471 1472
1470 1471
1469 1470
1469 1470
1469 1470
1469 1470
1468 1469
1468 1469
1468 1469
1468 1469
1467 1468
1467 1468
1466 1467
1466 1467
1466 1467
1466 1467
1466 1467
1465 1466
1465 1466
1464 1465
1464 1465
1463 1464
1463 1464
1462 1463
1461 1462
1460 1461
1460 1461
1460 1461
1459 1460
1459 1460
1458 1459
1457 1458
1457 1458
1457 1458
1456 1457
1456 1457
1455 1456
1454 1455
1454 1455
1454 1455
1453 1454
1453 1454
1452 1453
1451 1452
1450 1451
1449 1450
1448 1449
1447 1448
1446 1447
1446 1447
1446 1447
1445 1446
1444 1445
1443 1444
1443 1444
1442 1443
1441 1442
1441 1442
1440 1441
1440 1441
1439 1440
1439 1440
1439 1440
1439 1440
1438 1439
1437 1438
1437 1438
1436 1437
1436 1437
1435 1436
1434 1435
1433 1434
1433 1434
1432 1433
1432 1433
1432 1433
1432 1433
1431 1432
1431 1432
1430 1431
1430 1431
1429 1430
1428 1429
1427 1428
1426 1427
1426 1427
1426 1427
1426 1427
1425 1426
1424 1425
1423 1424
1422 1423
1422 1423
1422 1423
1421 1422
1421 1422
1421 1422
1421 1422
1420 1421
1419 1420
1418 1419
1418 1419
1417 1418
1416 1417
1416 1417
1415 1416
1415 1416
1414 1415
1413 1414
1412 1413
1411 1412
1410 1411
1410 1411
1410 1411
1409 1410
1409 1410
1408 1409
1408 1409
1407 1408
1406 1407
1405 1406
1405 1406
1404 1405
1403 1404
1402 1403
1402 1403
1401 1402
1400 1401
1400 1401
1400 1401
1400 1401
1399 1400
1398 1399
1397 1398
1396 1397
1396 1397
1396 1397
1395 1396
1395 1396
1394 1395
1394 1395
1394 1395
1393 1394
1393 1394
1393 1394
1393 1394
1393 1394
1392 1393
1392 1393
1391 1392
1391 1392
1391 1392
1391 1392
1391 1392
1390 1391
1389 1390
1388 1389
1388 1389
1388 1389
1387 1388
1387 1388
1387 1388
1387 1388
1387 1388
1386 1387
1385 1386
1385 1386
1385 1386
1384 1385
1384 1385
1384 1385
1383 1384
1383 1384
1382 1383
1382 1383
1382 1383
1382 1383
1381 1382
1381 1382
1380 1381
1379 1380
1378 1379
1377 1378
1377 1378
1376 1377
1376 1377
1375 1376
1374 1375
1373 1374
1373 1374
1372 1373
1372 1373
1371 1372
1371 1372
1371 1372
1371 1372
1371 1372
1371 1372
1370 1371
1369 1370
1368 1369
1368 1369
1367 1368
1367 1368
1366 1367
1365 1366
1364 1365
1363 1364
1362 1363
1362 1363
1361 1362
1361 1362
1361 1362
1360 1361
1359 1360
1358 1359
1358 1359
1358 1359
1357 1358
1356 1357
1356 1357
1356 1357
1355 1356
1354 1355
1353 1354
1353 1354
1353 1354
1353 1354
1353 1354
1353 1354
1352 1353
1351 1352
1350 1351
1349 1350
1349 1350
1348 1349
1348 1349
1347 1348
1346 1347
1346 1347
1345 1346
1344 1345
1343 1344
1342 1343
1342 1343
1342 1343
1341 1342
1341 1342
1340 1341
1339 1340
1339 1340
1339 1340
1338 1339
1337 1338
1336 1337
1335 1336
1334 1335
1333 1334
1333 1334
1332 1333
1331 1332
1330 1331
1330 1331
1330 1331
1330 1331
1329 1330
1329 1330
1329 1330
1329 1330
1329 1330
1328 1329
1328 1329
1328 1329
1328 1329
1327 1328
1327 1328
1327 1328
1327 1328
1327 1328
1326 1327
1325 1326
1325 1326
1324 1325
1324 1325
1324 1325
1323 1324
1322 1323
1321 1322
1321 1322
1321 1322
1321 1322
1321 1322
1320 1321
1319 1320
1318 1319
1317 1318
1316 1317
1316 1317
1316 1317
1316 1317
1315 1316
1315 1316
1315 1316
1314 1315
1314 1315
1313 1314
1313 1314
1312 1313
1311 1312
1311 1312
1310 1311
1310 1311
1309 1310
1309 1310
1309 1310
1308 1309
1307 1308
1307 1308
1307 1308
1307 1308
1306 1307
1306 1307
1305 1306
1305 1306
1305 1306
1304 1305
1304 1305
1303 1304
1303 1304
1303 1304
1303 1304
1303 1304
1303 1304
1302 1303
1302 1303
1301 1302
1300 1301
1299 1300
1299 1300
1298 1299
1297 1298
1297 1298
1297 1298
1296 1297
1295 1296
1295 1296
1295 1296
1294 1295
1293 1294
1293 1294
1292 1293
1291 1292
1290 1291
1289 1290
1289 1290
1288 1289
1287 1288
1286 1287
1285 1286
1284 1285
1283 1284
1283 1284
1282 1283
1281 1282
1281 1282
1280 1281
1279 1280
1278 1279
1278 1279
1277 1278
1277 1278
1276 1277
1275 1276
1275 1276
1275 1276
1274 1275
1273 1274
1272 1273
1272 1273
1271 1272
1271 1272
1270 1271
1270 1271
1269 1270
1269 1270
1269 1270
1268 1269
1268 1269
1267 1268
1266 1267
1266 1267
1266 1267
1266 1267
1266 1267
1266 1267
1265 1266
1265 1266
1265 1266
1264 1265
1263 1264
1263 1264
1263 1264
1262 1263
1262 1263
1261 1262
1261 1262
1261 1262
1261 1262
1260 1261
1259 1260
1259 1260
1259 1260
1258 1259
1258 1259
1257 1258
1256 1257
1256 1257
1256 1257
1255 1256
1254 1255
1253 1254
1252 1253
1251 1252
1251 1252
1250 1251
1249 1250
1249 1250
1249 1250
1248 1249
1248 1249
1248 1249
1247 1248
1247 1248
1246 1247
1246 1247
1246 1247
1245 1246
1244 1245
1243 1244
1242 1243
1241 1242
1241 1242
1241 1242
1241 1242
1241 1242
1241 1242
1241 1242
1241 1242
1241 1242
1241 1242
1240 1241
1240 1241
1240 1241
1240 1241
1240 1241
1240 1241
1240 1241
1239 1240
1239 1240
1239 1240
1238 1239
1237 1238
1237 1238
1236 1237
1236 1237
1236 1237
1235 1236
1234 1235
1234 1235
1234 1235
1233 1234
1232 1233
1232 1233
1231 1232
1230 1231
1230 1231
1230 1231
1230 1231
1229 1230
1229 1230
1228 1229
1228 1229
1228 1229
1227 1228
1227 1228
1227 1228
1227 1228
1226 1227
1226 1227
1226 1227
1225 1226
1224 1225
1224 1225
1224 1225
1224 1225
1224 1225
1224 1225
1224 1225
1224 1225
1223 1224
1222 1223
1221 1222
1220 1221
1219 1220
1219 1220
1219 1220
1219 1220
1218 1219
1218 1219
1218 1219
1218 1219
1218 1219
1218 1219
1217 1218
1216 1217
1215 1216
1214 1215
1214 1215
1214 1215
1213 1214
1213 1214
1212 1213
1211 1212
1211 1212
1210 1211
1209 1210
1209 1210
1208 1209
1207 1208
1206 1207
1206 1207
1205 1206
1204 1205
1203 1204
1203 1204
1203 1204
1203 1204
1202 1203
1202 1203
1202 1203
1202 1203
1202 1203
1201 1202
1200 1201
1200 1201
1199 1200
1199 1200
1198 1199
1197 1198
1197 1198
1196 1197
1196 1197
1195 1196
1195 1196
1194 1195
1194 1195
1193 1194
1193 1194
1192 1193
1192 1193
1191 1192
1190 1191
1189 1190
1188 1189
1187 1188
1187 1188
1186 1187
1185 1186
1185 1186
1185 1186
1185 1186
1185 1186
1184 1185
1183 1184
1182 1183
1181 1182
1181 1182
1180 1181
1179 1180
1178 1179
1177 1178
1177 1178
1177 1178
1177 1178
1177 1178
1177 1178
1176 1177
1176 1177
1175 1176
1174 1175
1174 1175
1174 1175
1174 1175
1173 1174
1173 1174
1172 1173
1172 1173
1172 1173
1171 1172
1170 1171
1169 1170
1169 1170
1169 1170
1169 1170
1168 1169
1167 1168
1167 1168
1167 1168
1166 1167
1166 1167
1166 1167
1166 1167
1165 1166
1165 1166
1164 1165
1163 1164
1162 1163
1161 1162
1161 1162
1160 1161
1160 1161
1160 1161
1160 1161
1160 1161
1160 1161
1159 1160
1158 1159
1157 1158
1157 1158
1157 1158
1157 1158
1156 1157
1156 1157
1156 1157
1155 1156
1154 1155
1154 1155
1154 1155
1153 1154
1152 1153
1152 1153
1151 1152
1150 1151
1149 1150
1149 1150
1149 1150
1148 1149
1148 1149
1148 1149
1148 1149
1148 1149
1147 1148
1147 1148
1146 1147
1145 1146
1145 1146
1144 1145
1143 1144
1143 1144
1143 1144
1143 1144
1142 1143
1141 1142
1141 1142
1141 1142
1140 1141
1139 1140
1139 1140
1138 1139
1138 1139
1138 1139
1138 1139
1138 1139
1138 1139
1137 1138
1137 1138
1136 1137
1136 1137
1135 1136
1134 1135
1133 1134
1133 1134
1133 1134
1133 1134
1133 1134
1133 1134
1133 1134
1133 1134
1133 1134
1133 1134
1132 1133
1131 1132
1131 1132
1131 1132
1131 1132
1130 1131
1130 1131
1130 1131
1129 1130
1129 1130
1128 1129
1127 1128
1126 1127
1126 1127
1125 1126
1125 1126
1124 1125
1124 1125
1123 1124
1123 1124
1122 1123
1121 1122
1120 1121
1119 1120
1119 1120
1118 1119
1117 1118
1116 1117
1116 1117
1116 1117
1116 1117
1115 1116
1115 1116
1114 1115
1113 1114
1112 1113
1112 1113
1112 1113
1111 1112
1111 1112
1111 1112
1110 1111
1110 1111
1109 1110
1108 1109
1107 1108
1106 1107
1105 1106
1104 1105
1103 1104
1102 1103
1102 1103
1101 1102
1100 1101
1099 1100
1098 1099
1098 1099
1098 1099
1098 1099
1097 1098
1097 1098
1096 1097
1096 1097
1095 1096
1094 1095
1094 1095
1093 1094
1093 1094
1093 1094
1092 1093
1092 1093
1091 1092
1091 1092
1090 1091
1090 1091
1090 1091
1089 1090
1088 1089
1088 1089
1088 1089
1087 1088
1087 1088
1086 1087
1086 1087
1085 1086
1085 1086
1085 1086
1084 1085
1084 1085
1084 1085
1083 1084
1083 1084
1083 1084
1082 1083
1082 1083
1081 1082
1081 1082
1080 1081
1079 1080
1078 1079
1077 1078
1077 1078
1076 1077
1076 1077
1075 1076
1074 1075
1073 1074
1073 1074
1073 1074
1073 1074
1073 1074
1073 1074
1073 1074
1072 1073
1072 1073
1071 1072
1070 1071
1070 1071
1069 1070
1069 1070
1068 1069
1068 1069
1067 1068
1066 1067
1065 1066
1065 1066
1064 1065
1063 1064
1062 1063
1061 1062
1061 1062
1061 1062
1061 1062
1060 1061
1059 1060
1058 1059
1057 1058
1056 1057
1056 1057
1055 1056
1054 1055
1054 1055
1054 1055
1054 1055
1054 1055
1054 1055
1053 1054
1053 1054
1052 1053
1051 1052
1050 1051
1049 1050
1049 1050
1048 1049
1048 1049
1047 1048
1046 1047
1046 1047
1046 1047
1045 1046
1044 1045
1044 1045
1043 1044
1043 1044
1042 1043
1041 1042
1041 1042
1040 1041
1039 1040
1038 1039
1038 1039
1038 1039
1038 1039
1038 1039
1038 1039
1037 1038
1037 1038
1036 1037
1035 1036
1035 1036
1034 1035
1033 1034
1032 1033
1031 1032
1030 1031
1030 1031
1029 1030
1029 1030
1029 1030
1028 1029
1027 1028
1026 1027
1025 1026
1025 1026
1025 1026
1025 1026
1024 1025
1023 1024
1022 1023
1021 1022
1021 1022
1021 1022
1021 1022
1020 1021
1020 1021
1019 1020
1018 1019
1018 1019
1017 1018
1017 1018
1017 1018
1016 1017
1015 1016
1014 1015
1014 1015
1014 1015
1014 1015
1013 1014
1012 1013
1011 1012
1011 1012
1011 1012
1010 1011
1009 1010
1009 1010
1009 1010
1009 1010
1009 1010
1008 1009
1007 1008
1007 1008
1007 1008
1006 1007
1006 1007
1005 1006
1004 1005
1003 1004
1002 1003
1002 1003
1002 1003
1001 1002
1000 1001
999 1000
998 999
997 998
996 997
995 996
995 996
994 995
994 995
994 995
993 994
992 993
992 993
991 992
991 992
991 992
991 992
991 992
990 991
989 990
988 989
987 988
986 987
986 987
986 987
986 987
986 987
985 986
985 986
984 985
983 984
983 984
983 984
982 983
982 983
981 982
981 982
980 981
979 980
979 980
978 979
977 978
976 977
975 976
974 975
973 974
972 973
972 973
971 972
970 971
970 971
970 971
970 971
969 970
968 969
967 968
967 968
966 967
966 967
965 966
965 966
964 965
963 964
962 963
961 962
960 961
960 961
959 960
959 960
959 960
959 960
958 959
958 959
958 959
957 958
957 958
956 957
956 957
956 957
956 957
956 957
956 957
956 957
956 957
955 956
954 955
953 954
953 954
952 953
951 952
951 952
951 952
951 952
950 951
949 950
948 949
947 948
946 947
945 946
945 946
944 945
943 944
943 944
943 944
942 943
941 942
941 942
940 941
940 941
939 940
939 940
938 939
937 938
936 937
936 937
936 937
936 937
936 937
935 936
934 935
934 935
933 934
933 934
932 933
931 932
931 932
930 931
929 930
928 929
928 929
927 928
926 927
925 926
924 925
924 925
923 924
922 923
922 923
922 923
922 923
922 923
921 922
921 922
921 922
920 921
920 921
920 921
919 920
919 920
919 920
918 919
917 918
916 917
916 917
916 917
916 917
916 917
915 916
915 916
915 916
914 915
914 915
914 915
913 914
913 914
912 913
911 912
910 911
910 911
909 910
909 910
908 909
908 909
907 908
907 908
906 907
905 906
904 905
903 904
902 903
901 902
901 902
901 902
901 902
900 901
899 900
898 899
898 899
897 898
896 897
895 896
894 895
894 895
894 895
894 895
894 895
894 895
894 895
894 895
894 895
893 894
893 894
893 894
893 894
892 893
892 893
891 892
890 891
890 891
890 891
889 890
888 889
887 888
887 888
887 888
886 887
885 886
884 885
884 885
883 884
882 883
881 882
880 881
880 881
880 881
879 880
878 879
877 878
877 878
876 877
876 877
876 877
875 876
874 875
874 875
874 875
874 875
874 875
874 875
873 874
872 873
871 872
871 872
871 872
871 872
870 871
870 871
869 870
869 870
869 870
869 870
869 870
869 870
868 869
867 868
867 868
867 868
867 868
867 868
866 867
865 866
864 865
864 865
864 865
863 864
862 863
862 863
861 862
861 862
861 862
860 861
860 861
860 861
859 860
859 860
859 860
859 860
859 860
858 859
857 858
856 857
856 857
856 857
856 857
855 856
854 855
854 855
854 855
853 854
852 853
852 853
851 852
851 852
850 851
849 850
848 849
848 849
848 849
847 848
846 847
845 846
844 845
844 845
844 845
843 844
843 844
843 844
843 844
843 844
842 843
842 843
841 842
840 841
839 840
838 839
837 838
836 837
835 836
835 836
835 836
835 836
835 836
835 836
835 836
835 836
835 836
835 836
835 836
834 835
833 834
833 834
833 834
832 833
831 832
830 831
829 830
829 830
828 829
827 828
826 827
826 827
826 827
826 827
826 827
825 826
825 826
825 826
825 826
824 825
823 824
823 824
822 823
822 823
821 822
820 821
819 820
819 820
818 819
818 819
818 819
817 818
816 817
816 817
816 817
815 816
814 815
813 814
813 814
813 814
813 814
812 813
811 812
811 812
810 811
809 810
809 810
808 809
808 809
808 809
807 808
807 808
807 808
807 808
807 808
807 808
806 807
806 807
806 807
806 807
805 806
805 806
805 806
804 805
803 804
802 803
802 803
801 802
800 801
800 801
799 800
798 799
798 799
797 798
796 797
796 797
795 796
794 795
794 795
794 795
793 794
793 794
792 793
792 793
792 793
792 793
792 793
792 793
791 792
790 791
790 791
789 790
789 790
789 790
789 790
789 790
789 790
788 789
788 789
787 788
786 787
785 786
784 785
784 785
783 784
783 784
782 783
781 782
780 781
780 781
779 780
778 779
777 778
777 778
777 778
776 777
776 777
775 776
775 776
774 775
773 774
772 773
772 773
772 773
772 773
771 772
771 772
770 771
769 770
768 769
768 769
768 769
768 769
767 768
766 767
765 766
765 766
764 765
763 764
762 763
761 762
760 761
759 760
758 759
757 758
756 757
755 756
754 755
753 754
752 753
751 752
750 751
749 750
749 750
748 749
747 748
747 748
747 748
747 748
746 747
746 747
746 747
745 746
744 745
744 745
743 744
743 744
743 744
743 744
742 743
741 742
741 742
741 742
741 742
741 742
741 742
741 742
741 742
740 741
740 741
739 740
739 740
739 740
738 739
738 739
737 738
737 738
737 738
737 738
736 737
736 737
736 737
736 737
736 737
735 736
735 736
734 735
734 735
734 735
734 735
734 735
733 734
733 734
732 733
732 733
732 733
731 732
731 732
731 732
730 731
730 731
729 730
728 729
728 729
727 728
727 728
727 728
726 727
725 726
725 726
724 725
723 724
722 723
721 722
720 721
720 721
720 721
719 720
718 719
717 718
717 718
716 717
716 717
715 716
715 716
714 715
713 714
713 714
713 714
712 713
712 713
711 712
710 711
710 711
710 711
709 710
708 709
707 708
706 707
705 706
705 706
705 706
704 705
704 705
704 705
703 704
702 703
701 702
700 701
699 700
698 699
698 699
697 698
697 698
696 697
695 696
694 695
694 695
693 694
692 693
692 693
691 692
691 692
690 691
689 690
688 689
688 689
688 689
687 688
686 687
686 687
685 686
684 685
684 685
684 685
684 685
683 684
683 684
683 684
682 683
682 683
681 682
681 682
680 681
679 680
679 680
679 680
679 680
678 679
678 679
678 679
677 678
677 678
677 678
676 677
676 677
676 677
675 676
674 675
674 675
674 675
673 674
672 673
671 672
670 671
669 670
669 670
668 669
667 668
667 668
667 668
666 667
665 666
664 665
663 664
662 663
662 663
662 663
662 663
661 662
660 661
660 661
659 660
658 659
658 659
658 659
657 658
657 658
656 657
656 657
656 657
655 656
655 656
654 655
653 654
653 654
653 654
652 653
652 653
651 652
650 651
649 650
649 650
649 650
648 649
647 648
646 647
645 646
645 646
644 645
644 645
643 644
642 643
641 642
641 642
641 642
641 642
640 641
639 640
638 639
638 639
637 638
636 637
635 636
635 636
635 636
634 635
634 635
634 635
633 634
632 633
631 632
630 631
630 631
630 631
629 630
629 630
628 629
628 629
628 629
628 629
627 628
626 627
626 627
625 626
624 625
624 625
623 624
622 623
622 623
622 623
622 623
622 623
621 622
621 622
621 622
620 621
620 621
619 620
619 620
618 619
618 619
618 619
617 618
616 617
616 617
615 616
614 615
614 615
613 614
612 613
611 612
610 611
610 611
610 611
610 611
609 610
608 609
608 609
608 609
608 609
608 609
607 608
607 608
606 607
606 607
606 607
606 607
605 606
605 606
604 605
603 604
603 604
603 604
602 603
601 602
600 601
600 601
600 601
599 600
599 600
599 600
598 599
597 598
596 597
595 596
595 596
595 596
594 595
593 594
593 594
592 593
592 593
592 593
592 593
591 592
590 591
590 591
589 590
589 590
589 590
588 589
587 588
587 588
586 587
586 587
586 587
585 586
584 585
584 585
583 584
582 583
582 583
581 582
580 581
579 580
578 579
578 579
577 578
576 577
576 577
575 576
575 576
574 575
573 574
572 573
571 572
570 571
569 570
568 569
567 568
566 567
566 567
565 566
564 565
564 565
564 565
563 564
562 563
562 563
562 563
562 563
562 563
562 563
562 563
562 563
561 562
560 561
559 560
559 560
559 560
558 559
558 559
558 559
558 559
558 559
558 559
557 558
557 558
556 557
555 556
554 555
554 555
553 554
552 553
552 553
552 553
552 553
552 553
551 552
550 551
550 551
549 550
549 550
549 550
548 549
548 549
548 549
548 549
548 549
547 548
547 548
547 548
547 548
546 547
546 547
545 546
544 545
544 545
543 544
542 543
541 542
540 541
540 541
539 540
539 540
538 539
537 538
536 537
536 537
535 536
534 535
533 534
533 534
532 533
532 533
532 533
532 533
531 532
530 531
530 531
530 531
530 531
530 531
529 530
529 530
528 529
527 528
527 528
526 527
525 526
524 525
523 524
522 523
521 522
521 522
520 521
519 520
519 520
518 519
518 519
517 518
516 517
515 516
515 516
514 515
514 515
514 515
513 514
513 514
513 514
512 513
511 512
510 511
510 511
510 511
509 510
509 510
508 509
508 509
508 509
508 509
508 509
507 508
507 508
506 507
506 507
505 506
505 506
504 505
503 504
503 504
502 503
502 503
501 502
501 502
500 501
500 501
500 501
500 501
500 501
500 501
499 500
499 500
499 500
499 500
498 499
498 499
498 499
497 498
497 498
497 498
496 497
495 496
495 496
494 495
494 495
494 495
494 495
494 495
494 495
494 495
493 494
492 493
492 493
491 492
490 491
490 491
489 490
489 490
488 489
488 489
488 489
488 489
488 489
487 488
487 488
487 488
487 488
486 487
486 487
485 486
485 486
485 486
484 485
483 484
482 483
482 483
482 483
481 482
481 482
480 481
479 480
478 479
478 479
477 478
477 478
476 477
475 476
474 475
474 475
473 474
473 474
473 474
472 473
472 473
471 472
471 472
471 472
470 471
469 470
468 469
468 469
467 468
466 467
465 466
465 466
464 465
463 464
462 463
461 462
460 461
459 460
458 459
457 458
456 457
456 457
455 456
454 455
454 455
453 454
453 454
453 454
452 453
452 453
452 453
451 452
450 451
449 450
448 449
447 448
447 448
446 447
446 447
446 447
446 447
446 447
445 446
444 445
443 444
443 444
442 443
442 443
441 442
440 441
440 441
439 440
438 439
438 439
437 438
437 438
437 438
437 438
437 438
437 438
437 438
436 437
435 436
434 435
434 435
433 434
433 434
433 434
432 433
432 433
431 432
430 431
430 431
429 430
429 430
429 430
429 430
429 430
428 429
427 428
426 427
426 427
426 427
426 427
425 426
424 425
424 425
423 424
423 424
423 424
422 423
421 422
421 422
421 422
420 421
420 421
419 420
419 420
419 420
419 420
419 420
419 420
418 419
417 418
417 418
416 417
416 417
416 417
415 416
415 416
415 416
415 416
415 416
414 415
413 414
413 414
412 413
412 413
411 412
411 412
411 412
411 412
410 411
409 410
409 410
409 410
409 410
409 410
409 410
408 409
407 408
407 408
406 407
405 406
405 406
404 405
404 405
403 404
403 404
402 403
401 402
400 401
400 401
400 401
399 400
399 400
398 399
398 399
398 399
398 399
398 399
398 399
397 398
396 397
396 397
396 397
396 397
396 397
395 396
395 396
395 396
394 395
393 394
392 393
392 393
392 393
392 393
391 392
390 391
390 391
390 391
389 390
388 389
388 389
387 388
386 387
386 387
386 387
386 387
386 387
385 386
385 386
385 386
384 385
384 385
384 385
384 385
384 385
383 384
382 383
382 383
382 383
381 382
381 382
381 382
381 382
381 382
381 382
380 381
379 380
379 380
379 380
378 379
377 378
376 377
376 377
375 376
374 375
373 374
373 374
373 374
373 374
372 373
372 373
372 373
371 372
370 371
370 371
370 371
370 371
369 370
368 369
368 369
368 369
368 369
367 368
367 368
367 368
366 367
366 367
366 367
366 367
366 367
366 367
366 367
366 367
365 366
365 366
364 365
363 364
362 363
361 362
360 361
359 360
358 359
357 358
356 357
355 356
354 355
354 355
353 354
352 353
352 353
351 352
351 352
350 351
350 351
349 350
349 350
348 349
347 348
346 347
346 347
345 346
344 345
343 344
343 344
342 343
341 342
341 342
340 341
339 340
339 340
338 339
337 338
337 338
337 338
337 338
337 338
337 338
337 338
336 337
335 336
334 335
334 335
334 335
334 335
334 335
333 334
333 334
333 334
332 333
331 332
331 332
330 331
330 331
329 330
328 329
328 329
327 328
326 327
326 327
325 326
324 325
323 324
323 324
323 324
322 323
322 323
322 323
321 322
321 322
321 322
321 322
321 322
321 322
320 321
319 320
319 320
319 320
318 319
317 318
316 317
316 317
315 316
314 315
313 314
312 313
312 313
311 312
311 312
310 311
309 310
309 310
308 309
307 308
306 307
305 306
305 306
305 306
305 306
305 306
305 306
304 305
304 305
304 305
303 304
303 304
302 303
301 302
301 302
301 302
301 302
301 302
301 302
301 302
300 301
300 301
300 301
299 300
299 300
298 299
297 298
297 298
297 298
297 298
297 298
297 298
297 298
297 298
297 298
296 297
295 296
294 295
294 295
294 295
294 295
293 294
293 294
293 294
293 294
292 293
292 293
291 292
291 292
291 292
290 291
290 291
290 291
289 290
288 289
287 288
286 287
285 286
284 285
283 284
283 284
282 283
282 283
282 283
282 283
282 283
282 283
281 282
281 282
280 281
279 280
279 280
278 279
278 279
278 279
278 279
277 278
277 278
276 277
275 276
274 275
274 275
274 275
273 274
272 273
272 273
271 272
270 271
269 270
268 269
268 269
268 269
268 269
268 269
268 269
268 269
267 268
266 267
265 266
264 265
263 264
262 263
262 263
261 262
261 262
261 262
261 262
261 262
261 262
260 261
260 261
259 260
258 259
258 259
257 258
256 257
255 256
254 255
253 254
253 254
253 254
252 253
251 252
251 252
250 251
249 250
248 249
247 248
246 247
246 247
246 247
246 247
246 247
245 246
244 245
244 245
244 245
244 245
244 245
243 244
243 244
242 243
242 243
242 243
241 242
240 241
240 241
240 241
239 240
239 240
238 239
237 238
237 238
237 238
236 237
236 237
236 237
235 236
234 235
233 234
233 234
233 234
233 234
233 234
232 233
232 233
232 233
232 233
231 232
230 231
230 231
230 231
230 231
230 231
230 231
229 230
228 229
227 228
227 228
227 228
226 227
226 227
225 226
225 226
225 226
224 225
224 225
223 224
223 224
223 224
223 224
222 223
222 223
222 223
222 223
221 222
220 221
219 220
219 220
218 219
217 218
217 218
217 218
217 218
217 218
216 217
215 216
214 215
213 214
213 214
212 213
212 213
211 212
210 211
209 210
209 210
208 209
208 209
207 208
206 207
205 206
204 205
204 205
203 204
202 203
202 203
201 202
201 202
201 202
201 202
200 201
199 200
198 199
197 198
196 197
195 196
194 195
193 194
192 193
192 193
192 193
192 193
191 192
190 191
189 190
188 189
188 189
187 188
187 188
186 187
185 186
184 185
184 185
183 184
182 183
181 182
180 181
180 181
179 180
178 179
177 178
176 177
175 176
174 175
174 175
173 174
173 174
173 174
173 174
172 173
172 173
171 172
170 171
170 171
170 171
169 170
168 169
167 168
166 167
166 167
166 167
165 166
165 166
164 165
164 165
163 164
163 164
162 163
161 162
160 161
160 161
160 161
160 161
159 160
159 160
159 160
158 159
158 159
158 159
157 158
156 157
156 157
155 156
155 156
154 155
153 154
153 154
153 154
153 154
152 153
152 153
152 153
151 152
151 152
150 151
149 150
149 150
148 149
148 149
148 149
147 148
146 147
146 147
145 146
145 146
144 145
144 145
143 144
142 143
141 142
141 142
141 142
141 142
140 141
140 141
140 141
139 140
138 139
138 139
138 139
138 139
137 138
137 138
136 137
136 137
135 136
134 135
134 135
133 134
133 134
133 134
133 134
132 133
131 132
130 131
129 130
128 129
127 128
126 127
126 127
126 127
125 126
124 125
124 125
123 124
122 123
122 123
122 123
122 123
122 123
122 123
122 123
122 123
121 122
121 122
120 121
120 121
120 121
120 121
119 120
118 119
118 119
117 118
117 118
117 118
116 117
116 117
116 117
115 116
114 115
113 114
113 114
113 114
113 114
112 113
111 112
111 112
110 111
109 110
109 110
108 109
107 108
107 108
107 108
106 107
106 107
106 107
106 107
105 106
104 105
104 105
103 104
102 103
101 102
101 102
100 101
99 100
98 99
97 98
96 97
95 96
95 96
94 95
93 94
92 93
92 93
91 92
91 92
90 91
89 90
89 90
88 89
87 88
86 87
86 87
85 86
84 85
83 84
82 83
82 83
82 83
82 83
81 82
81 82
81 82
81 82
80 81
79 80
79 80
79 80
78 79
77 78
76 77
76 77
75 76
75 76
75 76
75 76
75 76
75 76
74 75
74 75
73 74
72 73
71 72
71 72
70 71
69 70
68 69
67 68
66 67
65 66
65 66
65 66
65 66
64 65
63 64
62 63
62 63
62 63
61 62
61 62
61 62
60 61
60 61
60 61
60 61
60 61
59 60
59 60
58 59
57 58
57 58
56 57
56 57
55 56
55 56
55 56
54 55
53 54
53 54
53 54
52 53
52 53
52 53
51 52
51 52
50 51
50 51
49 50
48 49
47 48
46 47
45 46
44 45
44 45
43 44
43 44
43 44
42 43
42 43
42 43
41 42
40 41
40 41
40 41
40 41
39 40
39 40
38 39
38 39
38 39
37 38
37 38
37 38
36 37
36 37
35 36
35 36
34 35
33 34
33 34
33 34
32 33
31 32
30 31
30 31
29 30
29 30
28 29
27 28
27 28
27 28
26 27
25 26
24 25
24 25
24 25
23 24
22 23
21 22
21 22
20 21
19 20
18 19
18 19
17 18
17 18
16 17
15 16
15 16
14 15
13 14
12 13
12 13
11 12
10 11
10 11
9 10
9 10
9 10
9 10
8 9
8 9
7 8
7 8
6 7
6 7
5 6
4 5
4 5
3 4
2 3
2 3
2 3
2 3
2 5
18 19
18 19
18 19
18 19
17 19
13 17
10 16
5 11
15 16
14 15
13 14
11 13
11 14
11 14
9 12
7 10
4 8
4 7
1 5
0 3
