13

7 6
1 2
1 3
1 4
2 5
3 6
4 7

9
15 14
1 2
1 3
2 4
2 5
3 6
3 7
4 8
4 9
5 10
5 11
6 12
6 13
7 14

15 14
1 2
1 3
1 4
1 5
1 6
2 7
3 8
4 9
5 10
6 11
6 12
2 13
2 14
3 15

7 6
1 2
1 3
1 4
2 5
3 6
4 7
5 8
6 9
7 10

5 5
1 2
2 3
3 4
4 5
5 1

13 12
1 2
1 3
1 4
1 5
2 6
3 7
4 8
5 9
6 10
7 11
8 12
9 13
10 14
11 15
12 16
13 17

19 18
1 2
1 3
1 4
2 5
3 6
4 7
5 8
6 9
7 10
8 11
9 12
10 13
11 14
12 15
13 16
14 17
15 18
16 19

10 9
1 2
1 3
1 4
2 5
3 6
4 7
5 8
6 9
7 10


15 14
1 2
1 3
1 4
1 5
1 6
2 7
3 8
4 9
5 10
6 11
6 12
2 13
2 14
3 15
